323, 248, 357, 248, 357, 279, 323, 279
644, 248, 680, 246, 682, 291, 645, 292
818, 248, 865, 248, 865, 287, 818, 287
688, 289, 689, 251, 718, 252, 717, 290
731, 248, 769, 248, 769, 287, 731, 287
919, 253, 952, 253, 952, 282, 919, 282
869, 256, 913, 254, 914, 283, 870, 285
779, 255, 812, 255, 812, 280, 779, 280
596, 254, 632, 254, 632, 288, 596, 288
540, 255, 574, 255, 574, 291, 540, 291
16, 280, 44, 277, 46, 307, 19, 309
322, 280, 355, 277, 357, 308, 325, 311
362, 279, 395, 279, 395, 310, 362, 310
54, 280, 84, 280, 84, 310, 54, 310
404, 281, 436, 281, 436, 303, 404, 303
135, 284, 159, 284, 159, 306, 135, 306
95, 284, 124, 284, 124, 309, 95, 309
172, 309, 174, 281, 203, 282, 201, 310
365, 342, 367, 304, 396, 306, 393, 344
129, 312, 162, 312, 162, 340, 129, 340
252, 314, 278, 314, 278, 349, 252, 349
323, 312, 356, 312, 356, 342, 323, 342
405, 313, 436, 313, 436, 344, 405, 344
172, 316, 204, 316, 204, 343, 172, 343
287, 316, 318, 316, 318, 343, 287, 343
47, 315, 83, 315, 83, 345, 47, 345
621, 334, 639, 334, 639, 356, 621, 356
643, 337, 662, 337, 662, 356, 643, 356
662, 336, 681, 336, 681, 356, 662, 356
320, 374, 323, 340, 356, 342, 354, 376
582, 345, 610, 345, 610, 391, 582, 391
90, 345, 122, 345, 122, 378, 90, 378
134, 345, 163, 345, 163, 373, 134, 373
910, 350, 950, 350, 950, 385, 910, 385
289, 351, 311, 351, 311, 371, 289, 371
538, 350, 577, 350, 577, 392, 538, 392
175, 378, 200, 378, 200, 406, 175, 406
285, 378, 316, 378, 316, 407, 285, 407
94, 377, 126, 377, 126, 406, 94, 406
401, 379, 436, 379, 436, 408, 401, 408
329, 405, 331, 378, 353, 379, 352, 407
368, 399, 368, 382, 394, 382, 394, 399
54, 378, 86, 378, 86, 409, 54, 409
213, 380, 247, 378, 249, 407, 214, 409
133, 437, 133, 409, 161, 407, 165, 439
247, 411, 279, 409, 283, 440, 248, 440
51, 441, 54, 407, 83, 409, 81, 443
208, 436, 210, 410, 245, 412, 243, 439
287, 411, 320, 411, 320, 442, 287, 442
323, 411, 358, 411, 358, 439, 323, 439
365, 410, 395, 410, 395, 439, 365, 439
401, 413, 434, 413, 434, 442, 401, 442
94, 411, 128, 409, 130, 441, 96, 443
539, 425, 561, 425, 561, 445, 539, 445
717, 439, 753, 438, 767, 471, 718, 467
325, 445, 358, 441, 361, 471, 329, 476
90, 441, 119, 441, 119, 473, 90, 473
362, 477, 362, 443, 401, 444, 398, 476
54, 445, 81, 445, 81, 474, 54, 474
130, 445, 163, 445, 163, 469, 130, 469
287, 471, 290, 442, 322, 444, 323, 474
538, 453, 561, 453, 561, 478, 538, 478
127, 472, 163, 472, 163, 504, 127, 504
210, 474, 235, 474, 235, 499, 210, 499
52, 474, 81, 473, 82, 507, 53, 508
93, 478, 120, 478, 120, 501, 93, 501
399, 477, 435, 477, 435, 505, 399, 505
539, 481, 561, 481, 561, 508, 539, 508
723, 495, 757, 495, 757, 533, 723, 533
119, 531, 121, 501, 166, 504, 164, 534
174, 506, 198, 506, 198, 529, 174, 529
212, 508, 245, 507, 242, 534, 212, 528
92, 508, 123, 508, 123, 533, 92, 533
53, 508, 81, 508, 81, 539, 53, 539
403, 513, 429, 513, 429, 532, 403, 532
539, 530, 561, 530, 561, 553, 539, 553
173, 536, 199, 536, 199, 571, 173, 571
285, 537, 318, 537, 318, 564, 285, 564
93, 538, 120, 538, 120, 564, 93, 564
126, 537, 162, 537, 162, 565, 126, 565
210, 539, 241, 539, 241, 566, 210, 566
363, 564, 365, 535, 395, 536, 393, 566
406, 541, 436, 541, 436, 568, 406, 568
55, 542, 82, 542, 82, 569, 55, 569
718, 557, 757, 557, 757, 594, 718, 594
669, 557, 706, 557, 706, 590, 669, 590
95, 570, 119, 570, 119, 602, 95, 602
130, 569, 163, 569, 163, 603, 130, 603
210, 572, 242, 572, 242, 600, 210, 600
167, 605, 171, 568, 201, 572, 196, 609
406, 573, 434, 572, 435, 605, 407, 606
54, 573, 82, 573, 82, 599, 54, 599
253, 597, 277, 597, 277, 634, 253, 634
209, 637, 212, 600, 240, 602, 237, 639
289, 599, 317, 599, 317, 634, 289, 634
409, 605, 436, 605, 436, 635, 409, 635
57, 606, 85, 606, 85, 631, 57, 631
94, 606, 123, 606, 123, 638, 94, 638
176, 605, 198, 605, 198, 637, 176, 637
133, 607, 164, 607, 164, 639, 133, 639
375, 608, 391, 608, 391, 632, 375, 632
722, 618, 758, 618, 769, 650, 722, 653
539, 619, 558, 619, 558, 641, 539, 641
871, 622, 893, 622, 893, 644, 871, 644
897, 624, 915, 624, 915, 644, 897, 644
365, 637, 394, 637, 394, 668, 365, 668
58, 636, 84, 636, 84, 664, 58, 664
93, 639, 122, 639, 122, 668, 93, 668
409, 634, 436, 634, 436, 667, 409, 667
210, 637, 240, 637, 240, 668, 210, 668
253, 639, 280, 639, 280, 661, 253, 661
174, 636, 200, 636, 200, 670, 174, 670
539, 651, 559, 651, 559, 675, 539, 675
174, 670, 201, 670, 201, 703, 174, 703
210, 667, 244, 667, 244, 700, 210, 700
56, 669, 82, 669, 82, 702, 56, 702
251, 669, 280, 669, 280, 700, 251, 700
365, 699, 366, 667, 396, 668, 395, 700
93, 671, 121, 671, 121, 696, 93, 696
289, 673, 319, 673, 319, 693, 289, 693
727, 674, 762, 674, 762, 713, 727, 713
405, 702, 407, 670, 436, 671, 434, 704
536, 680, 558, 680, 558, 695, 536, 695
583, 702, 598, 702, 598, 714, 583, 714
211, 732, 212, 698, 242, 699, 240, 734
253, 702, 277, 702, 277, 733, 253, 733
538, 701, 559, 701, 559, 724, 538, 724
290, 702, 318, 702, 318, 735, 290, 735
361, 701, 398, 701, 398, 729, 361, 729
97, 704, 119, 704, 119, 727, 97, 727
54, 705, 80, 705, 80, 733, 54, 733
407, 704, 436, 704, 436, 731, 407, 731
583, 731, 599, 731, 599, 749, 583, 749
540, 730, 563, 730, 563, 756, 540, 756
722, 770, 724, 729, 762, 730, 760, 772
94, 733, 120, 733, 120, 770, 94, 770
246, 738, 277, 738, 277, 762, 246, 762
135, 734, 168, 734, 168, 768, 135, 768
205, 736, 241, 736, 241, 763, 205, 763
55, 738, 81, 738, 81, 768, 55, 768
172, 738, 201, 738, 201, 767, 172, 767
683, 768, 704, 768, 704, 791, 683, 791
55, 766, 81, 766, 81, 798, 55, 798
253, 767, 277, 767, 277, 799, 253, 799
133, 774, 159, 774, 159, 801, 133, 801
683, 792, 703, 792, 703, 818, 683, 818
216, 798, 235, 798, 235, 827, 216, 827
253, 798, 278, 798, 278, 832, 253, 832
582, 799, 615, 799, 615, 848, 582, 848
57, 799, 79, 799, 79, 824, 57, 824
95, 799, 119, 799, 119, 827, 95, 827
407, 806, 438, 803, 436, 831, 406, 830
542, 806, 576, 805, 578, 845, 543, 847
915, 808, 951, 805, 956, 856, 915, 847
683, 820, 701, 820, 701, 840, 683, 840
94, 828, 119, 828, 119, 864, 94, 864
172, 833, 199, 833, 199, 862, 172, 862
59, 831, 81, 831, 81, 863, 59, 863
206, 834, 240, 834, 240, 866, 206, 866
288, 833, 315, 833, 315, 863, 288, 863
246, 837, 278, 837, 278, 865, 246, 865
635, 845, 652, 845, 650, 871, 635, 865
616, 848, 634, 846, 633, 870, 617, 867
686, 845, 706, 845, 706, 867, 686, 867
816, 854, 832, 850, 832, 874, 816, 869
799, 855, 813, 853, 816, 871, 802, 873
779, 856, 800, 856, 800, 874, 779, 874
174, 862, 198, 862, 198, 896, 174, 896
409, 866, 434, 866, 434, 896, 409, 896
289, 867, 317, 867, 317, 897, 289, 897
369, 869, 394, 869, 398, 900, 366, 901
53, 897, 55, 866, 84, 868, 82, 899
133, 864, 158, 863, 160, 900, 134, 901
204, 867, 241, 867, 241, 897, 204, 897
246, 867, 277, 867, 277, 898, 246, 898
91, 868, 122, 868, 122, 897, 91, 897
210, 306, 210, 347, 246, 347, 246, 306
209, 346, 209, 378, 247, 378, 247, 346
251, 281, 251, 313, 283, 313, 283, 281
285, 284, 285, 309, 321, 309, 321, 284
247, 347, 247, 380, 283, 380, 283, 347
366, 344, 366, 377, 397, 377, 397, 344
367, 255, 367, 267, 401, 267, 401, 255
404, 251, 404, 269, 438, 269, 438, 251
406, 351, 406, 375, 435, 375, 435, 351
291, 478, 291, 501, 318, 501, 318, 478
287, 506, 287, 530, 320, 530, 320, 506
249, 439, 249, 472, 279, 472, 279, 439
249, 474, 249, 504, 283, 504, 283, 474
248, 505, 248, 541, 290, 541, 290, 505
246, 542, 246, 568, 286, 568, 286, 542
250, 568, 250, 600, 285, 600, 285, 568
287, 573, 287, 600, 319, 600, 319, 573
367, 475, 367, 511, 404, 511, 404, 475
370, 510, 370, 535, 395, 535, 395, 510
369, 573, 369, 604, 397, 604, 397, 573
406, 445, 406, 474, 439, 474, 439, 445
13, 319, 13, 347, 52, 347, 52, 319
14, 346, 14, 383, 50, 383, 50, 346
130, 637, 130, 680, 168, 680, 168, 637
131, 682, 131, 706, 165, 706, 165, 682
133, 705, 133, 736, 165, 736, 165, 705
129, 801, 129, 835, 163, 835, 163, 801
136, 837, 136, 867, 169, 867, 169, 837
286, 738, 286, 759, 322, 759, 322, 738
285, 768, 285, 794, 324, 794, 324, 768
286, 796, 286, 833, 319, 833, 319, 796
367, 732, 367, 765, 400, 765, 400, 732
364, 771, 364, 798, 401, 798, 401, 771
364, 802, 364, 836, 399, 836, 399, 802
366, 840, 366, 866, 396, 866, 396, 840
408, 840, 408, 859, 436, 859, 436, 840
406, 736, 406, 764, 438, 764, 438, 736
410, 768, 410, 799, 438, 799, 438, 768
166, 411, 166, 437, 203, 437, 203, 411
167, 444, 167, 469, 205, 469, 205, 444
169, 475, 169, 501, 203, 501, 203, 475
212, 440, 212, 472, 242, 472, 242, 440
167, 774, 167, 802, 204, 802, 204, 774
169, 800, 169, 833, 201, 833, 201, 800
209, 767, 209, 796, 247, 796, 247, 767
133, 385, 133, 405, 164, 405, 164, 385
927, 429, 927, 458, 951, 458, 951, 429
930, 468, 930, 494, 956, 494, 956, 468
927, 505, 927, 526, 955, 526, 955, 505
927, 530, 927, 559, 957, 559, 957, 530
540, 563, 540, 585, 565, 585, 565, 563
559, 563, 559, 584, 594, 584, 594, 563
586, 565, 586, 590, 614, 590, 614, 565
685, 328, 685, 357, 708, 357, 708, 328
678, 358, 678, 382, 709, 382, 709, 358
679, 380, 679, 404, 711, 404, 711, 380
675, 402, 675, 421, 708, 421, 708, 402
682, 417, 682, 440, 708, 440, 708, 417
779, 332, 779, 353, 804, 353, 804, 332
800, 333, 800, 355, 826, 355, 826, 333
826, 332, 826, 357, 839, 357, 839, 332
836, 331, 836, 360, 861, 360, 861, 331
776, 354, 776, 376, 803, 376, 803, 354
775, 374, 775, 400, 805, 400, 805, 374
774, 396, 774, 420, 808, 420, 808, 396
777, 419, 777, 440, 805, 440, 805, 419
887, 408, 887, 429, 913, 429, 913, 408
885, 431, 885, 454, 910, 454, 910, 431
887, 456, 887, 480, 909, 480, 909, 456
888, 474, 888, 493, 905, 493, 905, 474
891, 491, 891, 506, 910, 506, 910, 491
891, 508, 891, 528, 910, 528, 910, 508
863, 508, 863, 530, 877, 530, 877, 508
865, 569, 865, 585, 892, 585, 892, 569
901, 571, 901, 589, 917, 589, 917, 571
914, 571, 914, 590, 936, 590, 936, 571
936, 571, 936, 590, 959, 590, 959, 571
921, 627, 921, 645, 949, 645, 949, 627
932, 650, 932, 674, 951, 674, 951, 650
933, 680, 933, 700, 950, 700, 950, 680
929, 699, 929, 718, 954, 718, 954, 699
930, 721, 930, 750, 955, 750, 955, 721
926, 753, 926, 781, 949, 781, 949, 753
883, 813, 883, 848, 913, 848, 913, 813
848, 854, 848, 875, 868, 875, 868, 854
835, 851, 835, 873, 850, 873, 850, 851
870, 678, 870, 701, 888, 701, 888, 678
888, 703, 888, 721, 909, 721, 909, 703
885, 719, 885, 741, 909, 741, 909, 719
892, 745, 892, 768, 911, 768, 911, 745
887, 766, 887, 795, 912, 795, 912, 766
872, 347, 872, 387, 911, 387, 911, 347
585, 675, 585, 697, 600, 697, 600, 675
596, 678, 596, 696, 618, 696, 618, 678
538, 767, 538, 785, 564, 785, 564, 767
557, 615, 557, 644, 586, 644, 586, 615
584, 622, 584, 644, 613, 644, 613, 622
599, 514, 599, 535, 617, 535, 617, 514
578, 514, 578, 536, 601, 536, 601, 514
568, 414, 568, 446, 600, 446, 600, 414
579, 449, 579, 473, 600, 473, 600, 449
579, 476, 579, 494, 604, 494, 604, 476
572, 492, 572, 514, 606, 514, 606, 492
93, 316, 93, 340, 126, 340, 126, 316
174, 351, 174, 372, 204, 372, 204, 351
777, 446, 777, 470, 796, 470, 796, 446
798, 445, 798, 471, 816, 471, 816, 445
815, 448, 815, 470, 836, 470, 836, 448
833, 448, 833, 468, 865, 468, 865, 448
776, 504, 776, 532, 800, 532, 800, 504
801, 507, 801, 526, 822, 526, 822, 507
825, 508, 825, 525, 846, 525, 846, 508
844, 503, 844, 529, 861, 529, 861, 503
783, 559, 783, 585, 813, 585, 813, 559
819, 562, 819, 583, 843, 583, 843, 562
779, 630, 779, 648, 797, 648, 797, 630
797, 629, 797, 650, 815, 650, 815, 629
814, 628, 814, 648, 834, 648, 834, 628
833, 629, 833, 646, 863, 646, 863, 629
582, 750, 582, 770, 602, 770, 602, 750
583, 772, 583, 794, 603, 794, 603, 772
644, 736, 644, 759, 668, 759, 668, 736
674, 737, 674, 761, 700, 761, 700, 737
619, 448, 619, 467, 647, 467, 647, 448
648, 448, 648, 469, 666, 469, 666, 448
664, 448, 664, 472, 683, 472, 683, 448
684, 446, 684, 472, 704, 472, 704, 446
620, 507, 620, 531, 641, 531, 641, 507
639, 506, 639, 526, 661, 526, 661, 506
661, 505, 661, 526, 679, 526, 679, 505
679, 506, 679, 528, 700, 528, 700, 506
644, 561, 644, 586, 669, 586, 669, 561
622, 626, 622, 644, 648, 644, 648, 626
650, 622, 650, 651, 685, 651, 685, 622
684, 625, 684, 648, 704, 648, 704, 625
781, 681, 781, 703, 800, 703, 800, 681
799, 684, 799, 703, 822, 703, 822, 684
819, 684, 819, 700, 845, 700, 845, 684
844, 684, 844, 702, 866, 702, 866, 684
785, 735, 785, 760, 817, 760, 817, 735
814, 733, 814, 762, 842, 762, 842, 733
622, 680, 622, 699, 662, 699, 662, 680
662, 683, 662, 699, 685, 699, 685, 683
686, 681, 686, 705, 705, 705, 705, 681
215, 281, 215, 307, 243, 307, 243, 281
171, 706, 171, 737, 204, 737, 204, 706
289, 639, 289, 670, 318, 670, 318, 639
211, 314, 211, 344, 248, 344, 248, 314
249, 385, 249, 396, 281, 396, 281, 385
538, 510, 538, 529, 565, 529, 565, 510
652, 843, 652, 869, 670, 869, 670, 843
54, 345, 54, 376, 85, 376, 85, 345
92, 769, 92, 798, 122, 798, 122, 769
782, 832, 782, 855, 801, 855, 801, 832
779, 778, 779, 802, 804, 802, 804, 778
780, 800, 780, 815, 802, 815, 802, 800
781, 814, 781, 833, 808, 833, 808, 814
665, 842, 665, 870, 682, 870, 682, 842
