654, 195, 686, 195, 686, 230, 654, 230
705, 197, 741, 197, 741, 231, 705, 231
925, 200, 965, 201, 967, 230, 921, 227
820, 233, 849, 233, 849, 267, 820, 267
705, 236, 740, 236, 740, 263, 705, 263
762, 236, 792, 236, 792, 268, 762, 268
654, 238, 685, 238, 685, 263, 654, 263
94, 256, 121, 256, 121, 289, 94, 289
187, 256, 216, 256, 216, 294, 187, 294
282, 258, 311, 258, 311, 289, 282, 289
426, 289, 427, 261, 453, 262, 452, 290
660, 274, 685, 274, 685, 304, 660, 304
707, 272, 742, 272, 742, 306, 707, 306
876, 273, 908, 273, 908, 306, 876, 306
825, 309, 826, 278, 850, 279, 849, 310
759, 309, 761, 279, 795, 280, 793, 311
931, 281, 956, 281, 961, 300, 921, 305
234, 284, 262, 284, 262, 319, 234, 319
141, 289, 167, 289, 167, 316, 141, 316
761, 309, 793, 309, 793, 346, 761, 346
928, 311, 956, 311, 956, 344, 928, 344
655, 346, 658, 309, 692, 312, 688, 349
709, 313, 739, 313, 739, 344, 709, 344
875, 315, 904, 315, 904, 343, 875, 343
820, 316, 846, 316, 846, 344, 820, 344
139, 321, 169, 321, 169, 350, 139, 350
190, 322, 215, 322, 215, 347, 190, 347
96, 323, 120, 323, 120, 347, 96, 347
232, 352, 234, 320, 264, 322, 262, 353
283, 324, 306, 324, 306, 350, 283, 350
330, 355, 330, 326, 355, 326, 355, 355
374, 325, 403, 323, 405, 351, 376, 353
711, 343, 741, 343, 741, 381, 711, 381
659, 350, 690, 350, 690, 380, 659, 380
874, 350, 903, 350, 903, 383, 874, 383
425, 354, 453, 354, 453, 386, 425, 386
763, 350, 791, 350, 791, 376, 763, 376
818, 351, 844, 351, 844, 386, 818, 386
922, 351, 951, 349, 953, 380, 924, 382
330, 354, 356, 354, 356, 384, 330, 384
378, 356, 403, 356, 409, 386, 378, 387
234, 354, 264, 354, 264, 386, 234, 386
138, 382, 169, 382, 171, 414, 141, 417
656, 380, 689, 380, 689, 418, 656, 418
761, 386, 796, 386, 796, 422, 761, 422
425, 391, 451, 391, 451, 419, 425, 419
234, 385, 263, 385, 263, 416, 234, 416
712, 388, 742, 388, 742, 416, 712, 416
874, 388, 905, 388, 905, 419, 874, 419
823, 386, 852, 386, 852, 421, 823, 421
422, 419, 451, 419, 451, 452, 422, 452
141, 415, 171, 415, 171, 446, 141, 446
374, 417, 406, 417, 406, 450, 374, 450
327, 419, 356, 419, 356, 446, 327, 446
235, 419, 263, 419, 263, 448, 235, 448
880, 424, 904, 424, 904, 456, 880, 456
930, 422, 956, 422, 956, 452, 930, 452
709, 452, 712, 424, 745, 428, 741, 456
763, 427, 792, 427, 792, 454, 763, 454
824, 429, 855, 429, 855, 453, 824, 453
142, 448, 170, 448, 170, 477, 142, 477
46, 445, 78, 445, 78, 474, 46, 474
234, 448, 264, 448, 264, 477, 234, 477
328, 448, 357, 448, 357, 479, 328, 479
377, 449, 407, 449, 407, 484, 377, 484
423, 452, 451, 452, 451, 482, 423, 482
708, 462, 741, 462, 741, 493, 708, 493
819, 463, 853, 463, 853, 487, 819, 487
762, 463, 793, 463, 793, 492, 762, 492
652, 463, 688, 463, 688, 489, 652, 489
929, 464, 956, 464, 956, 491, 929, 491
47, 473, 78, 473, 78, 505, 47, 505
139, 480, 170, 475, 168, 511, 140, 511
421, 481, 450, 481, 450, 509, 421, 509
327, 484, 354, 484, 354, 508, 327, 508
376, 482, 404, 482, 407, 512, 376, 508
879, 497, 902, 497, 907, 538, 881, 536
823, 496, 849, 496, 849, 529, 823, 529
931, 502, 956, 502, 956, 531, 931, 531
764, 499, 796, 499, 796, 529, 764, 529
714, 502, 737, 502, 737, 532, 714, 532
328, 513, 357, 513, 357, 546, 328, 546
875, 571, 877, 539, 910, 541, 908, 573
712, 537, 739, 537, 739, 569, 712, 569
764, 565, 766, 536, 794, 538, 792, 567
821, 539, 852, 538, 854, 573, 823, 575
931, 530, 959, 530, 959, 566, 931, 566
652, 539, 687, 537, 689, 570, 654, 572
328, 545, 357, 545, 357, 576, 328, 576
882, 572, 910, 572, 910, 603, 882, 603
763, 576, 798, 576, 798, 609, 763, 609
710, 577, 745, 577, 745, 605, 710, 605
927, 577, 958, 577, 958, 604, 927, 604
659, 577, 694, 577, 694, 606, 659, 606
826, 580, 853, 580, 853, 608, 826, 608
234, 605, 260, 605, 260, 635, 234, 635
142, 605, 169, 605, 169, 636, 142, 636
713, 610, 747, 610, 747, 642, 713, 642
764, 609, 797, 609, 797, 644, 764, 644
926, 644, 928, 609, 960, 611, 958, 645
657, 613, 697, 613, 697, 643, 657, 643
878, 614, 904, 614, 910, 643, 878, 639
820, 616, 858, 616, 858, 644, 820, 644
49, 638, 73, 638, 73, 661, 49, 661
141, 634, 169, 634, 169, 667, 141, 667
352, 639, 378, 639, 378, 669, 352, 669
235, 639, 261, 639, 261, 664, 235, 664
714, 679, 716, 648, 743, 649, 741, 681
883, 648, 907, 648, 907, 683, 883, 683
769, 650, 796, 650, 796, 676, 769, 676
927, 651, 956, 651, 956, 680, 927, 680
663, 653, 690, 653, 690, 674, 663, 674
235, 669, 261, 669, 261, 702, 235, 702
140, 674, 169, 674, 169, 702, 140, 702
351, 668, 380, 668, 380, 702, 351, 702
664, 683, 692, 683, 692, 714, 664, 714
713, 683, 744, 683, 744, 711, 713, 711
765, 684, 797, 684, 797, 714, 765, 714
840, 690, 864, 690, 864, 717, 840, 717
882, 687, 906, 687, 910, 718, 882, 717
932, 685, 956, 685, 956, 719, 932, 719
47, 699, 75, 699, 75, 731, 47, 731
138, 701, 170, 703, 169, 733, 139, 733
351, 700, 381, 700, 381, 734, 351, 734
232, 700, 262, 700, 262, 734, 232, 734
714, 723, 742, 723, 742, 756, 714, 756
882, 729, 906, 729, 906, 751, 882, 751
677, 726, 700, 726, 700, 750, 677, 750
770, 726, 794, 726, 794, 747, 770, 747
843, 730, 861, 730, 861, 752, 843, 752
46, 730, 75, 730, 75, 759, 46, 759
234, 735, 262, 735, 262, 764, 234, 764
769, 792, 772, 757, 800, 759, 798, 794
877, 760, 912, 760, 912, 792, 877, 792
713, 763, 742, 762, 743, 797, 714, 798
842, 765, 862, 765, 862, 793, 842, 793
50, 765, 75, 765, 75, 795, 50, 795
672, 763, 698, 763, 698, 795, 672, 795
233, 767, 261, 767, 261, 795, 233, 795
140, 766, 168, 766, 168, 794, 140, 794
46, 823, 48, 796, 74, 798, 72, 825
770, 798, 797, 798, 797, 829, 770, 829
839, 799, 868, 799, 868, 826, 839, 826
881, 798, 908, 798, 908, 824, 881, 824
674, 800, 700, 800, 700, 831, 674, 831
714, 803, 742, 803, 742, 826, 714, 826
935, 834, 963, 834, 963, 864, 935, 864
766, 870, 770, 832, 800, 835, 796, 874
880, 836, 911, 836, 911, 868, 880, 868
714, 835, 745, 835, 745, 869, 714, 869
844, 838, 868, 838, 868, 865, 844, 865
669, 835, 701, 835, 701, 869, 669, 869
932, 870, 960, 870, 960, 903, 932, 903
714, 870, 749, 870, 749, 905, 714, 905
879, 876, 907, 876, 907, 907, 879, 907
841, 878, 867, 878, 867, 903, 841, 903
674, 902, 676, 875, 700, 876, 699, 903
767, 878, 796, 878, 796, 899, 767, 899
709, 933, 713, 903, 749, 908, 745, 938
768, 900, 801, 900, 801, 939, 768, 939
934, 940, 936, 911, 962, 913, 960, 942
883, 912, 907, 912, 907, 939, 883, 939
682, 912, 701, 912, 701, 934, 682, 934
677, 947, 700, 947, 700, 978, 677, 978
773, 947, 798, 947, 798, 974, 773, 974
931, 947, 958, 947, 958, 978, 931, 978
711, 976, 714, 946, 747, 950, 744, 980
879, 948, 905, 948, 909, 974, 880, 974
924, 240, 924, 274, 962, 274, 962, 240
924, 385, 924, 416, 958, 416, 958, 385
934, 727, 934, 759, 958, 759, 958, 727
932, 760, 932, 795, 965, 795, 965, 760
930, 796, 930, 827, 966, 827, 966, 796
935, 985, 935, 1018, 962, 1018, 962, 985
878, 197, 878, 236, 908, 236, 908, 197
874, 235, 874, 270, 906, 270, 906, 235
878, 467, 878, 489, 910, 489, 910, 467
876, 982, 876, 1023, 914, 1023, 914, 982
820, 197, 820, 229, 860, 229, 860, 197
840, 652, 840, 682, 863, 682, 863, 652
767, 196, 767, 232, 804, 232, 804, 196
773, 983, 773, 1020, 806, 1020, 806, 983
717, 990, 717, 1020, 752, 1020, 752, 990
680, 992, 680, 1023, 712, 1023, 712, 992
658, 425, 658, 458, 697, 458, 697, 425
658, 505, 658, 530, 697, 530, 697, 505
427, 198, 427, 226, 456, 226, 456, 198
422, 225, 422, 261, 460, 261, 460, 225
423, 289, 423, 321, 458, 321, 458, 289
423, 321, 423, 355, 454, 355, 454, 321
417, 511, 417, 547, 454, 547, 454, 511
424, 543, 424, 575, 455, 575, 455, 543
419, 576, 419, 615, 463, 615, 463, 576
377, 514, 377, 541, 407, 541, 407, 514
374, 547, 374, 575, 410, 575, 410, 547
376, 580, 376, 605, 411, 605, 411, 580
329, 575, 329, 611, 360, 611, 360, 575
278, 295, 278, 312, 312, 312, 312, 295
236, 476, 236, 512, 261, 512, 261, 476
234, 801, 234, 834, 270, 834, 270, 801
134, 798, 134, 831, 169, 831, 169, 798
141, 736, 141, 763, 167, 763, 167, 736
40, 669, 40, 696, 79, 696, 79, 669
38, 603, 38, 637, 81, 637, 81, 603
190, 301, 190, 320, 221, 320, 221, 301
90, 287, 90, 318, 120, 318, 120, 287
43, 289, 43, 314, 78, 314, 78, 289
42, 320, 42, 351, 78, 351, 78, 320
48, 353, 48, 383, 76, 383, 76, 353
45, 385, 45, 412, 74, 412, 74, 385
41, 413, 41, 445, 77, 445, 77, 413
43, 605, 43, 638, 79, 638, 79, 605
45, 667, 45, 692, 81, 692, 81, 667
139, 354, 139, 381, 170, 381, 170, 354
5, 446, 5, 469, 23, 469, 23, 446
3, 470, 3, 493, 26, 493, 26, 470
4, 493, 4, 512, 22, 512, 22, 493
4, 512, 4, 537, 25, 537, 25, 512
6, 535, 6, 558, 22, 558, 22, 535
5, 559, 5, 571, 27, 571, 27, 559
0, 954, 0, 987, 19, 987, 19, 954
0, 988, 0, 1019, 19, 1019, 19, 988
