428, 17, 451, 17, 451, 38, 428, 38
408, 19, 428, 19, 428, 38, 408, 38
271, 20, 289, 20, 289, 40, 271, 40
384, 20, 403, 20, 403, 38, 384, 38
292, 21, 311, 21, 311, 39, 292, 39
363, 21, 381, 21, 381, 38, 363, 38
454, 20, 473, 20, 473, 38, 454, 38
109, 22, 126, 22, 126, 41, 109, 41
249, 22, 262, 22, 262, 38, 249, 38
316, 23, 332, 23, 332, 38, 316, 38
199, 22, 219, 22, 219, 38, 199, 38
223, 22, 241, 22, 241, 40, 223, 40
339, 22, 358, 22, 358, 38, 339, 38
176, 24, 197, 24, 197, 40, 176, 40
128, 24, 147, 24, 147, 41, 128, 41
153, 24, 169, 24, 169, 39, 153, 39
178, 45, 193, 45, 193, 63, 178, 63
200, 45, 217, 45, 217, 64, 200, 64
247, 64, 248, 45, 261, 46, 260, 65
409, 45, 426, 45, 426, 61, 409, 61
434, 46, 448, 46, 448, 57, 434, 57
84, 46, 99, 46, 99, 66, 84, 66
294, 47, 307, 47, 307, 63, 294, 63
315, 45, 335, 45, 335, 64, 315, 64
339, 45, 358, 45, 358, 64, 339, 64
363, 45, 379, 45, 379, 61, 363, 61
454, 45, 471, 45, 471, 61, 454, 61
154, 47, 169, 47, 169, 64, 154, 64
223, 47, 239, 47, 239, 63, 223, 63
110, 47, 125, 47, 125, 67, 110, 67
270, 47, 286, 47, 286, 63, 270, 63
130, 48, 148, 48, 148, 64, 130, 64
431, 67, 448, 67, 448, 84, 431, 84
365, 67, 378, 67, 378, 84, 365, 84
386, 68, 401, 68, 401, 83, 386, 83
411, 67, 425, 67, 425, 87, 411, 87
316, 67, 333, 67, 333, 84, 316, 84
454, 67, 472, 67, 472, 84, 454, 84
224, 70, 238, 70, 238, 82, 224, 82
293, 68, 310, 68, 310, 86, 293, 86
341, 69, 358, 69, 358, 84, 341, 84
155, 70, 172, 70, 172, 89, 155, 89
248, 69, 265, 69, 265, 84, 248, 84
270, 71, 287, 71, 287, 85, 270, 85
87, 72, 103, 72, 103, 88, 87, 88
131, 70, 151, 70, 151, 87, 131, 87
105, 72, 123, 72, 123, 88, 105, 88
317, 90, 335, 90, 335, 109, 317, 109
387, 90, 400, 90, 400, 107, 387, 107
434, 90, 451, 90, 451, 108, 434, 108
457, 90, 471, 90, 471, 109, 457, 109
273, 91, 289, 91, 289, 109, 273, 109
292, 107, 295, 91, 312, 94, 310, 110
362, 91, 380, 91, 380, 107, 362, 107
409, 91, 424, 91, 424, 107, 409, 107
131, 92, 146, 92, 146, 113, 131, 113
223, 91, 242, 91, 242, 111, 223, 111
340, 91, 357, 91, 357, 109, 340, 109
155, 93, 171, 93, 171, 111, 155, 111
176, 92, 194, 92, 194, 111, 176, 111
106, 94, 128, 94, 128, 111, 106, 111
200, 93, 216, 93, 216, 111, 200, 111
86, 95, 100, 95, 100, 111, 86, 111
457, 114, 471, 114, 471, 132, 457, 132
295, 115, 308, 115, 308, 134, 295, 134
362, 129, 364, 115, 381, 117, 379, 132
412, 114, 426, 114, 426, 133, 412, 133
432, 115, 450, 115, 450, 131, 432, 131
225, 117, 242, 117, 242, 132, 225, 132
386, 115, 403, 115, 403, 131, 386, 131
179, 118, 193, 118, 193, 130, 179, 130
201, 117, 221, 117, 221, 133, 201, 133
270, 116, 288, 116, 288, 134, 270, 134
319, 117, 332, 117, 332, 132, 319, 132
344, 117, 354, 117, 354, 131, 344, 131
152, 117, 171, 117, 171, 136, 152, 136
248, 118, 264, 118, 264, 132, 248, 132
134, 119, 148, 119, 148, 133, 134, 133
434, 135, 449, 135, 449, 154, 434, 154
364, 138, 380, 138, 380, 157, 364, 157
410, 137, 425, 137, 425, 156, 410, 156
388, 138, 403, 138, 403, 155, 388, 155
293, 140, 311, 140, 311, 157, 293, 157
319, 138, 337, 138, 337, 156, 319, 156
343, 140, 356, 140, 356, 156, 343, 156
202, 140, 219, 140, 219, 157, 202, 157
251, 141, 261, 141, 261, 154, 251, 154
268, 140, 290, 140, 290, 157, 268, 157
457, 140, 477, 140, 477, 152, 457, 152
110, 141, 126, 141, 126, 158, 110, 158
221, 140, 242, 140, 242, 157, 221, 157
177, 142, 197, 142, 197, 158, 177, 158
154, 143, 172, 143, 172, 159, 154, 159
132, 143, 149, 143, 149, 159, 132, 159
458, 159, 476, 159, 476, 179, 458, 179
411, 162, 425, 162, 425, 176, 411, 176
180, 163, 193, 163, 193, 184, 180, 184
203, 163, 219, 163, 219, 182, 203, 182
293, 163, 312, 163, 312, 179, 293, 179
344, 162, 358, 162, 358, 179, 344, 179
434, 162, 452, 162, 452, 177, 434, 177
155, 163, 173, 163, 173, 182, 155, 182
226, 163, 242, 163, 242, 179, 226, 179
248, 163, 265, 163, 265, 182, 248, 182
364, 163, 383, 163, 383, 179, 364, 179
387, 163, 405, 163, 405, 178, 387, 178
134, 167, 147, 166, 149, 181, 135, 182
271, 164, 287, 164, 287, 182, 271, 182
389, 183, 405, 183, 405, 202, 389, 202
412, 183, 425, 183, 425, 200, 412, 200
435, 183, 451, 183, 451, 199, 435, 199
226, 186, 242, 186, 242, 204, 226, 204
271, 186, 287, 186, 287, 202, 271, 202
296, 186, 310, 186, 310, 204, 296, 204
157, 186, 172, 186, 172, 203, 157, 203
317, 188, 335, 188, 335, 202, 317, 202
365, 186, 383, 186, 383, 202, 365, 202
180, 188, 196, 188, 196, 204, 180, 204
203, 187, 218, 187, 218, 206, 203, 206
246, 202, 246, 187, 268, 188, 267, 203
133, 188, 152, 188, 152, 205, 133, 205
110, 189, 129, 189, 128, 205, 109, 206
434, 208, 450, 208, 450, 225, 434, 225
248, 208, 265, 208, 265, 227, 248, 227
366, 208, 382, 208, 382, 225, 366, 225
390, 208, 403, 208, 403, 226, 390, 226
411, 208, 426, 208, 426, 224, 411, 224
457, 208, 476, 208, 476, 224, 457, 224
156, 209, 174, 209, 174, 227, 156, 227
134, 211, 152, 211, 152, 227, 134, 227
178, 210, 194, 210, 194, 227, 178, 227
203, 210, 217, 210, 217, 227, 203, 227
226, 210, 241, 210, 241, 227, 226, 227
271, 209, 289, 209, 289, 227, 271, 227
111, 210, 128, 210, 128, 228, 111, 228
294, 210, 315, 210, 315, 226, 294, 226
322, 210, 332, 210, 332, 227, 322, 227
85, 211, 105, 211, 105, 227, 85, 227
458, 230, 474, 230, 474, 245, 458, 245
135, 233, 150, 233, 150, 252, 135, 252
320, 231, 333, 231, 333, 250, 320, 250
389, 231, 403, 231, 403, 248, 389, 248
155, 232, 173, 232, 173, 252, 155, 252
271, 232, 288, 232, 288, 250, 271, 250
344, 232, 359, 232, 359, 250, 344, 250
365, 231, 383, 231, 383, 250, 365, 250
411, 245, 413, 232, 430, 234, 429, 247
435, 247, 435, 232, 452, 232, 452, 247
201, 233, 219, 233, 219, 252, 201, 252
180, 233, 195, 233, 195, 252, 180, 252
295, 232, 313, 232, 313, 250, 295, 250
226, 234, 240, 234, 240, 250, 226, 250
110, 234, 126, 234, 126, 252, 110, 252
248, 233, 265, 233, 265, 251, 248, 251
413, 253, 430, 253, 430, 270, 413, 270
458, 253, 476, 253, 476, 270, 458, 270
390, 255, 408, 255, 408, 270, 390, 270
344, 255, 359, 255, 359, 272, 344, 272
367, 256, 382, 256, 382, 270, 367, 270
434, 254, 451, 254, 451, 271, 434, 271
320, 256, 334, 256, 334, 272, 320, 272
181, 257, 197, 257, 197, 275, 181, 275
273, 256, 290, 256, 290, 271, 273, 271
296, 256, 312, 256, 312, 272, 296, 272
134, 258, 150, 258, 150, 276, 134, 276
203, 257, 220, 257, 220, 273, 203, 273
226, 258, 245, 258, 245, 270, 226, 270
251, 257, 263, 257, 263, 273, 251, 273
110, 259, 126, 259, 126, 274, 110, 274
160, 260, 169, 260, 169, 273, 160, 273
296, 277, 313, 277, 313, 296, 296, 296
320, 278, 336, 278, 336, 296, 320, 296
343, 278, 362, 278, 362, 294, 343, 294
461, 279, 473, 279, 473, 292, 461, 292
229, 279, 240, 279, 240, 297, 229, 297
435, 279, 453, 279, 453, 294, 435, 294
180, 279, 197, 279, 197, 295, 180, 295
249, 279, 267, 279, 267, 296, 249, 296
367, 279, 385, 279, 385, 294, 367, 294
389, 279, 404, 279, 404, 294, 389, 294
412, 279, 430, 279, 430, 295, 412, 295
110, 281, 126, 281, 126, 299, 110, 299
157, 281, 173, 281, 173, 298, 157, 298
273, 279, 288, 279, 289, 297, 274, 297
134, 281, 150, 281, 150, 300, 134, 300
90, 282, 104, 282, 104, 295, 90, 295
203, 281, 222, 281, 222, 297, 203, 297
341, 300, 362, 300, 362, 318, 341, 318
298, 301, 314, 301, 314, 319, 298, 319
459, 299, 478, 299, 478, 318, 459, 318
319, 301, 334, 301, 334, 318, 319, 318
389, 303, 405, 303, 405, 317, 389, 317
412, 301, 430, 301, 430, 317, 412, 317
159, 302, 174, 302, 174, 320, 159, 320
182, 304, 196, 304, 196, 319, 182, 319
275, 303, 287, 303, 287, 319, 275, 319
136, 304, 150, 304, 150, 320, 136, 320
205, 304, 222, 304, 222, 318, 205, 318
366, 303, 383, 303, 383, 320, 366, 320
92, 307, 100, 307, 100, 319, 92, 319
108, 306, 127, 306, 127, 320, 108, 320
390, 340, 392, 322, 404, 323, 402, 341
411, 324, 429, 324, 429, 338, 411, 338
435, 337, 436, 323, 455, 324, 455, 338
458, 323, 477, 323, 477, 339, 458, 339
297, 325, 310, 325, 310, 344, 297, 344
368, 325, 380, 325, 380, 342, 368, 342
203, 326, 219, 326, 219, 345, 203, 345
343, 325, 362, 325, 362, 341, 343, 341
182, 326, 194, 326, 194, 343, 182, 343
249, 327, 267, 327, 267, 341, 249, 341
227, 327, 244, 327, 244, 342, 227, 342
110, 328, 127, 328, 127, 345, 110, 345
158, 328, 173, 328, 173, 345, 158, 345
272, 326, 291, 326, 291, 345, 272, 345
133, 329, 149, 329, 149, 343, 133, 343
63, 330, 79, 330, 79, 345, 63, 345
412, 346, 425, 346, 425, 363, 412, 363
437, 347, 452, 347, 452, 363, 437, 363
457, 346, 476, 346, 476, 363, 457, 363
319, 348, 336, 348, 336, 366, 319, 366
341, 349, 358, 349, 358, 365, 341, 365
366, 349, 382, 349, 382, 364, 366, 364
249, 348, 265, 348, 265, 368, 249, 368
299, 349, 310, 349, 310, 365, 299, 365
110, 350, 126, 350, 126, 368, 110, 368
137, 350, 154, 350, 154, 368, 137, 368
389, 350, 408, 350, 408, 363, 389, 363
178, 350, 195, 350, 195, 365, 178, 365
206, 351, 217, 351, 217, 366, 206, 366
231, 352, 239, 352, 239, 365, 231, 365
158, 351, 174, 351, 174, 366, 158, 366
62, 352, 81, 352, 81, 370, 62, 370
228, 371, 247, 371, 247, 390, 228, 390
341, 372, 362, 372, 362, 388, 341, 388
367, 372, 383, 372, 383, 388, 367, 388
391, 370, 405, 370, 405, 389, 391, 389
414, 371, 427, 371, 427, 389, 414, 389
205, 372, 222, 372, 222, 391, 205, 391
296, 372, 310, 372, 310, 390, 296, 390
321, 374, 335, 374, 335, 386, 321, 386
136, 374, 149, 374, 149, 391, 136, 391
272, 374, 289, 374, 289, 391, 272, 391
111, 374, 129, 374, 129, 392, 111, 392
156, 391, 157, 373, 174, 374, 173, 392
180, 374, 197, 374, 197, 391, 180, 391
250, 374, 265, 374, 265, 391, 250, 391
63, 389, 66, 373, 82, 375, 80, 391
320, 394, 337, 394, 337, 412, 320, 412
439, 394, 454, 394, 454, 411, 439, 411
296, 394, 310, 394, 310, 413, 296, 413
276, 396, 289, 396, 289, 413, 276, 413
345, 394, 360, 394, 360, 411, 345, 411
394, 395, 405, 395, 405, 409, 394, 409
413, 394, 432, 394, 432, 411, 413, 411
204, 397, 221, 397, 221, 416, 204, 416
136, 398, 148, 398, 148, 416, 136, 416
182, 397, 195, 397, 195, 418, 182, 418
367, 396, 386, 396, 386, 411, 367, 411
67, 397, 78, 397, 78, 416, 67, 416
160, 399, 173, 399, 173, 415, 160, 415
110, 399, 126, 399, 126, 416, 110, 416
392, 415, 405, 415, 405, 436, 392, 436
296, 417, 314, 417, 314, 437, 296, 437
321, 417, 340, 417, 340, 437, 321, 437
347, 418, 360, 418, 360, 434, 347, 434
368, 417, 386, 417, 386, 434, 368, 434
439, 418, 453, 418, 453, 433, 439, 433
412, 417, 430, 417, 430, 436, 412, 436
158, 420, 174, 418, 176, 436, 161, 438
203, 420, 221, 420, 221, 438, 203, 438
229, 422, 242, 422, 242, 434, 229, 434
249, 420, 268, 420, 268, 436, 249, 436
20, 422, 36, 422, 36, 440, 20, 440
42, 422, 61, 422, 61, 441, 42, 441
67, 421, 84, 421, 84, 440, 67, 440
110, 422, 129, 422, 129, 438, 110, 438
137, 423, 152, 423, 152, 437, 137, 437
437, 440, 453, 440, 453, 458, 437, 458
226, 441, 244, 441, 244, 461, 226, 461
369, 440, 383, 440, 383, 458, 369, 458
416, 441, 430, 441, 430, 456, 416, 456
297, 442, 312, 442, 312, 460, 297, 460
347, 442, 363, 442, 363, 459, 347, 459
390, 441, 410, 441, 410, 458, 390, 458
322, 442, 337, 442, 337, 459, 322, 459
157, 444, 177, 444, 177, 461, 157, 461
248, 444, 270, 444, 270, 461, 248, 461
135, 445, 154, 445, 154, 460, 135, 460
183, 445, 202, 445, 202, 461, 183, 461
67, 447, 80, 447, 80, 460, 67, 460
110, 446, 127, 446, 127, 463, 110, 463
19, 447, 40, 447, 40, 462, 19, 462
274, 465, 291, 465, 291, 482, 274, 482
393, 463, 405, 463, 405, 483, 393, 483
416, 463, 429, 463, 429, 481, 416, 481
346, 465, 361, 465, 361, 483, 346, 483
298, 465, 315, 465, 315, 485, 298, 485
321, 466, 338, 466, 338, 482, 321, 482
369, 466, 385, 466, 385, 482, 369, 482
137, 466, 152, 466, 152, 487, 137, 487
227, 466, 246, 466, 246, 484, 227, 484
21, 467, 35, 467, 35, 486, 21, 486
42, 467, 59, 467, 59, 486, 42, 486
158, 467, 177, 467, 177, 484, 158, 484
252, 467, 268, 467, 268, 484, 252, 484
181, 485, 182, 468, 198, 469, 197, 486
368, 487, 386, 487, 386, 506, 368, 506
254, 490, 270, 490, 270, 505, 254, 505
321, 489, 337, 489, 337, 504, 321, 504
389, 488, 406, 488, 406, 505, 389, 505
229, 489, 243, 489, 243, 506, 229, 506
299, 490, 315, 490, 315, 506, 299, 506
184, 491, 197, 491, 197, 506, 184, 506
135, 491, 152, 491, 152, 508, 135, 508
18, 493, 38, 493, 38, 509, 18, 509
42, 492, 60, 492, 60, 509, 42, 509
65, 492, 86, 492, 86, 509, 65, 509
323, 510, 340, 510, 340, 530, 323, 530
391, 510, 408, 510, 408, 529, 391, 529
440, 509, 452, 509, 452, 526, 440, 526
299, 510, 314, 510, 314, 529, 299, 529
417, 512, 430, 512, 430, 526, 417, 526
346, 511, 362, 511, 362, 526, 346, 526
254, 512, 270, 512, 270, 530, 254, 530
158, 513, 175, 513, 175, 531, 158, 531
228, 512, 243, 512, 243, 529, 228, 529
368, 512, 388, 512, 388, 526, 368, 526
277, 514, 291, 514, 291, 529, 277, 529
22, 514, 35, 514, 35, 533, 22, 533
135, 515, 154, 515, 154, 530, 135, 530
182, 514, 197, 514, 197, 531, 182, 531
42, 516, 59, 516, 59, 533, 42, 533
440, 531, 454, 531, 454, 551, 440, 551
301, 533, 316, 533, 316, 552, 301, 552
322, 535, 339, 535, 339, 551, 322, 551
344, 533, 365, 533, 365, 550, 344, 550
394, 534, 408, 534, 408, 550, 394, 550
252, 535, 269, 535, 269, 553, 252, 553
417, 534, 431, 534, 431, 550, 417, 550
369, 535, 385, 535, 385, 551, 369, 551
277, 536, 292, 536, 292, 552, 277, 552
229, 537, 243, 537, 243, 554, 229, 554
439, 574, 441, 554, 455, 556, 452, 576
415, 557, 433, 557, 433, 572, 415, 572
278, 558, 292, 558, 292, 577, 278, 577
299, 558, 316, 558, 316, 575, 299, 575
369, 558, 388, 558, 388, 572, 369, 572
391, 558, 408, 558, 408, 574, 391, 574
253, 558, 270, 558, 270, 577, 253, 577
323, 558, 341, 558, 341, 575, 323, 575
229, 560, 246, 560, 246, 576, 229, 576
140, 560, 152, 560, 152, 577, 140, 577
158, 563, 176, 562, 176, 575, 159, 576
346, 579, 363, 579, 363, 597, 346, 597
391, 580, 408, 580, 408, 595, 391, 595
416, 580, 430, 580, 430, 596, 416, 596
277, 582, 289, 582, 289, 597, 277, 597
298, 580, 315, 580, 315, 598, 298, 598
322, 581, 339, 581, 339, 595, 322, 595
369, 582, 385, 582, 385, 595, 369, 595
253, 597, 253, 583, 273, 583, 273, 597
159, 583, 176, 583, 176, 598, 159, 598
233, 583, 245, 583, 245, 597, 233, 597
183, 585, 198, 585, 198, 599, 183, 599
140, 585, 154, 585, 154, 599, 140, 599
369, 601, 387, 601, 387, 620, 369, 620
350, 621, 350, 603, 360, 603, 360, 621
417, 602, 431, 602, 431, 618, 417, 618
324, 603, 337, 603, 337, 622, 324, 622
391, 602, 408, 601, 410, 619, 393, 620
138, 605, 157, 605, 157, 623, 138, 623
162, 606, 179, 606, 179, 623, 162, 623
299, 620, 299, 605, 320, 606, 319, 621
184, 607, 200, 607, 200, 623, 184, 623
349, 625, 367, 625, 367, 644, 349, 644
390, 643, 393, 623, 409, 625, 406, 645
417, 625, 430, 625, 430, 645, 417, 645
369, 625, 385, 625, 385, 644, 369, 644
326, 627, 339, 627, 339, 644, 326, 644
138, 628, 156, 628, 156, 647, 138, 647
253, 627, 274, 627, 274, 644, 253, 644
185, 628, 203, 628, 203, 647, 185, 647
163, 630, 177, 630, 177, 647, 163, 647
299, 629, 317, 629, 317, 643, 299, 643
394, 650, 413, 650, 413, 666, 394, 666
418, 650, 432, 650, 432, 667, 418, 667
370, 651, 386, 651, 386, 667, 370, 667
255, 651, 271, 651, 271, 670, 255, 670
346, 651, 366, 651, 366, 666, 346, 666
232, 651, 250, 651, 250, 669, 232, 669
299, 652, 315, 652, 315, 667, 299, 667
326, 651, 340, 651, 340, 665, 326, 665
140, 653, 154, 653, 154, 670, 140, 670
161, 653, 177, 653, 177, 670, 161, 670
185, 653, 204, 653, 204, 670, 185, 670
349, 671, 363, 671, 363, 690, 349, 690
419, 673, 430, 673, 430, 688, 419, 688
369, 674, 386, 674, 386, 688, 369, 688
393, 673, 412, 673, 412, 689, 393, 689
231, 674, 250, 674, 250, 695, 231, 695
279, 674, 295, 674, 295, 692, 279, 692
300, 675, 315, 675, 315, 690, 300, 690
255, 675, 270, 675, 270, 695, 255, 695
162, 676, 177, 676, 181, 694, 162, 691
137, 677, 158, 677, 158, 692, 137, 692
185, 676, 202, 676, 202, 693, 185, 693
417, 696, 433, 696, 433, 712, 417, 712
347, 698, 365, 696, 366, 714, 348, 715
368, 698, 387, 696, 388, 713, 370, 714
441, 697, 456, 697, 456, 713, 441, 713
301, 698, 317, 698, 317, 715, 301, 715
324, 697, 345, 697, 345, 714, 324, 714
164, 698, 179, 698, 179, 718, 164, 718
231, 698, 249, 698, 249, 717, 231, 717
280, 698, 293, 698, 293, 715, 280, 715
140, 698, 156, 698, 156, 718, 140, 718
185, 698, 200, 698, 200, 717, 185, 717
256, 700, 270, 700, 270, 715, 256, 715
328, 720, 338, 720, 338, 737, 328, 737
372, 720, 387, 720, 387, 738, 372, 738
417, 719, 435, 719, 435, 736, 417, 736
301, 720, 316, 720, 316, 737, 301, 737
346, 737, 346, 721, 365, 721, 365, 737
393, 721, 412, 721, 412, 736, 393, 736
444, 721, 456, 721, 456, 736, 444, 736
231, 721, 248, 721, 248, 740, 231, 740
188, 723, 200, 723, 200, 738, 188, 738
254, 721, 270, 721, 270, 739, 254, 739
143, 724, 156, 724, 156, 737, 143, 737
163, 723, 182, 723, 182, 740, 163, 740
373, 742, 390, 742, 390, 759, 373, 759
394, 741, 413, 741, 413, 760, 394, 760
347, 743, 362, 743, 362, 758, 347, 758
440, 758, 440, 743, 457, 743, 457, 758
299, 744, 316, 744, 316, 762, 299, 762
419, 744, 433, 744, 433, 759, 419, 759
233, 744, 248, 744, 248, 762, 233, 762
255, 744, 271, 744, 271, 763, 255, 763
276, 745, 295, 745, 295, 762, 276, 762
327, 745, 340, 745, 340, 759, 327, 759
140, 763, 141, 746, 158, 747, 157, 764
84, 22, 84, 42, 99, 42, 99, 22
87, 117, 87, 136, 106, 136, 106, 117
108, 118, 108, 136, 128, 136, 128, 118
85, 144, 85, 158, 105, 158, 105, 144
87, 166, 87, 179, 102, 179, 102, 166
87, 187, 87, 208, 103, 208, 103, 187
110, 164, 110, 187, 128, 187, 128, 164
89, 234, 89, 253, 103, 253, 103, 234
198, 69, 198, 88, 219, 88, 219, 69
250, 92, 250, 110, 262, 110, 262, 92
320, 160, 320, 182, 335, 182, 335, 160
343, 185, 343, 205, 360, 205, 360, 185
344, 208, 344, 227, 363, 227, 363, 208
458, 185, 458, 198, 473, 198, 473, 185
86, 258, 86, 273, 104, 273, 104, 258
42, 330, 42, 348, 59, 348, 59, 330
43, 375, 43, 396, 58, 396, 58, 375
184, 421, 184, 437, 200, 437, 200, 421
228, 306, 228, 315, 244, 315, 244, 306
253, 300, 253, 321, 265, 321, 265, 300
437, 300, 437, 318, 455, 318, 455, 300
438, 372, 438, 387, 454, 387, 454, 372
274, 353, 274, 365, 290, 365, 290, 353
206, 445, 206, 458, 221, 458, 221, 445
274, 446, 274, 457, 291, 457, 291, 446
274, 488, 274, 507, 295, 507, 295, 488
347, 488, 347, 505, 362, 505, 362, 488
417, 486, 417, 505, 430, 505, 430, 486
439, 466, 439, 477, 457, 477, 457, 466
441, 489, 441, 498, 456, 498, 456, 489
348, 558, 348, 577, 363, 577, 363, 558
440, 583, 440, 592, 456, 592, 456, 583
440, 602, 440, 620, 455, 620, 455, 602
440, 626, 440, 640, 457, 640, 457, 626
441, 650, 441, 667, 459, 667, 459, 650
446, 675, 446, 687, 454, 687, 454, 675
393, 695, 393, 712, 411, 712, 411, 695
325, 671, 325, 692, 342, 692, 342, 671
280, 723, 280, 738, 294, 738, 294, 723
278, 605, 278, 620, 293, 620, 293, 605
278, 626, 278, 643, 292, 643, 292, 626
280, 654, 280, 666, 294, 666, 294, 654
254, 604, 254, 622, 274, 622, 274, 604
233, 606, 233, 622, 249, 622, 249, 606
231, 626, 231, 647, 249, 647, 249, 626
164, 745, 164, 764, 181, 764, 181, 745
188, 747, 188, 760, 208, 760, 208, 747
388, 48, 388, 64, 402, 64, 402, 48
136, 538, 136, 557, 154, 557, 154, 538
161, 538, 161, 551, 174, 551, 174, 538
185, 561, 185, 573, 200, 573, 200, 561
66, 470, 66, 488, 86, 488, 86, 470
