357, 57, 378, 57, 378, 91, 357, 91
96, 60, 142, 59, 144, 109, 98, 110
189, 63, 219, 63, 219, 99, 189, 99
423, 123, 424, 66, 466, 66, 466, 123
260, 109, 298, 109, 307, 173, 260, 145
192, 114, 220, 114, 220, 157, 193, 157
104, 119, 136, 119, 136, 162, 104, 162
343, 133, 372, 133, 372, 171, 343, 171
99, 171, 149, 171, 149, 216, 99, 216
345, 180, 376, 180, 376, 216, 345, 216
411, 177, 465, 177, 465, 224, 411, 224
187, 209, 225, 208, 226, 273, 189, 273
415, 236, 448, 236, 448, 274, 415, 274
339, 238, 389, 238, 389, 272, 339, 272
190, 171, 190, 199, 223, 199, 223, 171
269, 167, 269, 206, 292, 206, 292, 167
288, 211, 287, 222, 268, 229, 262, 239, 268, 261, 280, 249, 288, 285, 294, 286, 294, 251, 303, 225, 296, 213
371, 93, 364, 106, 347, 108, 354, 123, 361, 124, 378, 125, 389, 114, 386, 108, 383, 99
429, 128, 417, 150, 427, 156, 433, 163, 445, 172, 452, 173, 452, 127, 447, 124
267, 57, 267, 97, 305, 97, 305, 57
