187, 9, 201, 9, 201, 28, 187, 28
213, 9, 227, 9, 227, 24, 213, 24
162, 26, 178, 26, 178, 48, 162, 48
326, 29, 343, 29, 343, 48, 326, 48
114, 29, 129, 29, 129, 46, 114, 46
67, 29, 87, 29, 87, 44, 67, 44
373, 29, 390, 29, 390, 44, 373, 44
94, 30, 110, 30, 110, 47, 94, 47
398, 30, 415, 30, 415, 46, 398, 46
139, 31, 155, 31, 155, 49, 139, 49
236, 32, 251, 32, 251, 47, 236, 47
280, 62, 282, 46, 298, 48, 296, 64
397, 48, 412, 48, 412, 65, 397, 65
259, 50, 276, 50, 276, 64, 259, 64
422, 50, 437, 50, 437, 63, 422, 63
136, 66, 137, 50, 157, 51, 156, 67
235, 49, 251, 49, 251, 66, 235, 66
373, 48, 391, 48, 391, 67, 373, 67
446, 50, 462, 50, 462, 65, 446, 65
161, 52, 173, 52, 173, 64, 161, 64
278, 67, 295, 67, 295, 86, 278, 86
258, 68, 273, 68, 273, 86, 258, 86
398, 68, 413, 68, 413, 85, 398, 85
208, 70, 228, 70, 228, 86, 208, 86
373, 70, 389, 70, 389, 86, 373, 86
445, 86, 448, 67, 463, 69, 460, 88
329, 70, 345, 70, 345, 86, 329, 86
120, 71, 132, 71, 132, 88, 120, 88
161, 71, 179, 71, 179, 89, 161, 89
421, 71, 436, 71, 436, 86, 421, 86
68, 71, 81, 71, 81, 92, 68, 92
135, 71, 156, 71, 156, 89, 135, 89
233, 72, 251, 72, 251, 86, 233, 86
113, 73, 121, 73, 121, 88, 113, 88
90, 73, 108, 73, 108, 90, 90, 90
423, 89, 439, 89, 439, 108, 423, 108
468, 88, 485, 88, 485, 103, 468, 103
112, 91, 131, 91, 131, 107, 112, 107
232, 91, 250, 91, 250, 111, 232, 111
328, 90, 346, 90, 346, 105, 328, 105
397, 91, 415, 91, 415, 107, 397, 107
209, 90, 224, 90, 224, 108, 209, 108
373, 91, 388, 91, 388, 107, 373, 107
256, 111, 258, 90, 276, 92, 274, 113
68, 95, 81, 95, 81, 113, 68, 113
89, 95, 109, 95, 109, 113, 89, 113
41, 96, 58, 96, 58, 115, 41, 115
310, 112, 321, 112, 321, 128, 310, 128
350, 114, 368, 114, 368, 128, 350, 128
399, 113, 413, 113, 413, 127, 399, 127
467, 112, 488, 112, 488, 128, 467, 128
233, 112, 248, 112, 248, 135, 233, 135
328, 114, 343, 114, 343, 128, 328, 128
422, 112, 439, 112, 439, 129, 422, 129
259, 115, 274, 115, 274, 132, 259, 132
277, 114, 297, 114, 297, 134, 277, 134
183, 114, 199, 114, 199, 134, 183, 134
375, 116, 392, 116, 392, 128, 375, 128
158, 114, 175, 114, 175, 136, 158, 136
135, 116, 153, 116, 153, 139, 135, 139
110, 116, 131, 116, 131, 135, 110, 135
66, 135, 68, 117, 82, 118, 80, 137
86, 119, 104, 119, 104, 138, 86, 138
39, 138, 41, 118, 57, 120, 55, 140
19, 123, 36, 123, 36, 141, 19, 141
327, 133, 345, 133, 345, 152, 327, 152
373, 135, 388, 135, 388, 152, 373, 152
470, 133, 486, 133, 486, 149, 470, 149
305, 133, 323, 133, 323, 152, 305, 152
351, 134, 368, 134, 368, 151, 351, 151
398, 134, 416, 134, 416, 150, 398, 150
279, 134, 296, 134, 296, 155, 279, 155
66, 139, 80, 139, 80, 154, 66, 154
307, 155, 321, 155, 321, 172, 307, 172
397, 155, 416, 155, 416, 171, 397, 171
329, 157, 348, 157, 348, 173, 329, 173
111, 158, 127, 158, 127, 177, 111, 177
376, 157, 387, 157, 387, 175, 376, 175
231, 158, 249, 158, 249, 176, 231, 176
185, 176, 186, 158, 201, 159, 199, 177
280, 158, 292, 158, 292, 173, 280, 173
65, 159, 80, 159, 80, 180, 65, 180
135, 159, 153, 159, 153, 177, 135, 177
209, 158, 228, 158, 228, 175, 209, 175
160, 161, 175, 161, 175, 175, 160, 175
41, 165, 58, 165, 58, 182, 41, 182
18, 165, 35, 165, 35, 185, 18, 185
0, 169, 12, 169, 12, 185, 0, 185
396, 176, 416, 176, 416, 193, 396, 193
423, 176, 439, 176, 439, 190, 423, 190
470, 177, 486, 177, 486, 191, 470, 191
327, 177, 344, 177, 344, 196, 327, 196
373, 179, 388, 179, 388, 192, 373, 192
132, 179, 151, 179, 151, 200, 132, 200
83, 182, 102, 182, 102, 200, 83, 200
63, 185, 78, 184, 80, 201, 64, 202
107, 183, 127, 183, 127, 202, 107, 202
40, 185, 56, 185, 56, 202, 40, 202
467, 199, 487, 199, 487, 214, 467, 214
370, 199, 393, 199, 393, 217, 370, 217
396, 201, 415, 201, 415, 215, 396, 215
88, 204, 104, 204, 104, 221, 88, 221
108, 206, 129, 206, 129, 221, 108, 221
470, 220, 487, 220, 487, 237, 470, 237
424, 220, 440, 220, 440, 237, 424, 237
374, 222, 393, 222, 393, 239, 374, 239
396, 223, 415, 223, 415, 235, 396, 235
328, 222, 346, 222, 346, 244, 328, 244
252, 223, 271, 223, 271, 241, 252, 241
155, 224, 175, 224, 175, 242, 155, 242
107, 224, 124, 224, 124, 243, 107, 243
135, 225, 150, 225, 150, 244, 135, 244
206, 224, 224, 223, 224, 242, 207, 243
84, 227, 100, 227, 100, 245, 84, 245
38, 229, 56, 229, 56, 241, 38, 241
61, 227, 79, 227, 79, 244, 61, 244
282, 229, 294, 229, 294, 245, 282, 245
15, 231, 30, 231, 30, 248, 15, 248
0, 248, 0, 233, 10, 233, 10, 248
377, 243, 391, 243, 391, 258, 377, 258
472, 243, 487, 243, 487, 260, 472, 260
206, 245, 222, 245, 222, 262, 206, 262
252, 244, 271, 242, 273, 265, 254, 267
229, 245, 247, 245, 247, 263, 229, 263
353, 245, 372, 245, 372, 262, 353, 262
37, 247, 54, 247, 54, 269, 37, 269
155, 247, 174, 247, 174, 267, 155, 267
327, 247, 347, 247, 347, 265, 327, 265
107, 247, 126, 247, 126, 267, 107, 267
61, 249, 79, 249, 79, 269, 61, 269
133, 247, 152, 247, 152, 269, 133, 269
180, 247, 201, 247, 201, 267, 180, 267
280, 249, 296, 249, 296, 265, 280, 265
16, 251, 33, 251, 33, 269, 16, 269
85, 252, 102, 252, 102, 269, 85, 269
401, 268, 421, 268, 421, 285, 401, 285
425, 268, 441, 268, 441, 283, 425, 283
307, 270, 324, 270, 324, 285, 307, 285
327, 269, 345, 269, 345, 290, 327, 290
352, 268, 369, 268, 369, 286, 352, 286
374, 270, 395, 270, 395, 286, 374, 286
469, 269, 489, 269, 489, 287, 469, 287
255, 271, 270, 271, 270, 290, 255, 290
108, 272, 123, 272, 123, 289, 108, 289
133, 271, 153, 271, 153, 290, 133, 290
231, 270, 248, 270, 248, 287, 231, 287
155, 271, 175, 271, 175, 290, 155, 290
206, 271, 223, 271, 223, 292, 206, 292
61, 272, 79, 272, 79, 290, 61, 290
179, 272, 198, 272, 198, 291, 179, 291
86, 275, 104, 275, 104, 294, 86, 294
35, 275, 54, 275, 54, 294, 35, 294
281, 273, 297, 273, 297, 290, 281, 290
14, 277, 32, 277, 32, 292, 14, 292
229, 291, 248, 291, 248, 312, 229, 312
307, 293, 322, 293, 322, 313, 307, 313
374, 292, 393, 292, 393, 313, 374, 313
472, 292, 487, 292, 487, 309, 472, 309
278, 293, 297, 293, 297, 310, 278, 310
330, 295, 343, 295, 343, 315, 330, 315
424, 293, 445, 293, 445, 310, 424, 310
59, 293, 76, 293, 76, 318, 59, 318
203, 296, 223, 296, 223, 315, 203, 315
396, 294, 418, 294, 418, 313, 396, 313
130, 296, 150, 296, 150, 315, 130, 315
154, 295, 174, 295, 174, 315, 154, 315
109, 298, 120, 298, 120, 313, 109, 313
15, 297, 32, 297, 32, 317, 15, 317
181, 298, 198, 298, 198, 311, 181, 311
35, 298, 51, 298, 51, 319, 35, 319
84, 298, 101, 298, 101, 318, 84, 318
281, 316, 294, 316, 294, 337, 281, 337
355, 315, 368, 315, 368, 337, 355, 337
470, 316, 489, 316, 489, 331, 470, 331
229, 317, 248, 317, 248, 337, 229, 337
327, 317, 342, 317, 342, 339, 327, 339
424, 317, 443, 317, 443, 332, 424, 332
255, 319, 273, 319, 273, 338, 255, 338
305, 318, 322, 318, 322, 336, 305, 336
374, 317, 391, 317, 391, 338, 374, 338
153, 318, 174, 318, 174, 338, 153, 338
396, 320, 416, 318, 418, 333, 398, 336
180, 319, 200, 319, 200, 338, 180, 338
208, 320, 223, 320, 223, 338, 208, 338
129, 320, 150, 320, 150, 338, 129, 338
108, 321, 121, 321, 121, 337, 108, 337
60, 323, 78, 323, 78, 340, 60, 340
83, 323, 102, 323, 102, 338, 83, 338
14, 322, 31, 322, 31, 342, 14, 342
426, 339, 443, 339, 443, 361, 426, 361
472, 339, 488, 339, 488, 358, 472, 358
354, 359, 355, 341, 371, 342, 370, 360
229, 342, 250, 342, 250, 361, 229, 361
327, 342, 346, 342, 346, 362, 327, 362
373, 342, 391, 342, 391, 360, 373, 360
179, 344, 201, 344, 201, 362, 179, 362
207, 345, 221, 345, 221, 357, 207, 357
398, 344, 420, 344, 420, 361, 398, 361
257, 344, 272, 344, 272, 362, 257, 362
112, 345, 123, 344, 125, 363, 114, 364
82, 345, 104, 345, 104, 363, 82, 363
106, 364, 107, 345, 114, 346, 113, 364
128, 344, 150, 344, 150, 361, 128, 361
36, 367, 37, 346, 54, 347, 53, 367
59, 347, 79, 347, 79, 364, 59, 364
15, 348, 30, 348, 30, 364, 15, 364
473, 364, 488, 364, 488, 383, 473, 383
423, 366, 440, 366, 440, 382, 423, 382
280, 366, 297, 366, 297, 384, 280, 384
328, 366, 345, 366, 345, 388, 328, 388
351, 366, 372, 366, 372, 383, 351, 383
399, 366, 419, 366, 419, 384, 399, 384
376, 367, 390, 367, 390, 386, 376, 386
179, 386, 181, 366, 198, 367, 196, 388
257, 368, 271, 368, 271, 382, 257, 382
83, 369, 103, 369, 103, 388, 83, 388
158, 369, 172, 369, 172, 386, 158, 386
61, 386, 61, 371, 79, 371, 79, 386
127, 371, 147, 371, 147, 387, 127, 387
106, 370, 129, 370, 129, 389, 106, 389
449, 384, 465, 384, 465, 404, 449, 404
472, 387, 485, 387, 485, 401, 472, 401
408, 389, 417, 389, 417, 404, 408, 404
305, 389, 321, 389, 321, 408, 305, 408
353, 389, 370, 389, 370, 405, 353, 405
231, 389, 247, 389, 247, 407, 231, 407
398, 391, 408, 391, 408, 404, 398, 404
255, 391, 276, 391, 276, 406, 255, 406
139, 393, 150, 393, 150, 408, 139, 408
179, 391, 200, 391, 200, 409, 179, 409
382, 392, 395, 392, 395, 408, 382, 408
61, 392, 79, 392, 79, 409, 61, 409
83, 393, 101, 393, 101, 411, 83, 411
130, 393, 139, 393, 139, 408, 130, 408
37, 394, 56, 394, 56, 411, 37, 411
108, 396, 123, 396, 123, 407, 108, 407
447, 430, 448, 408, 467, 408, 466, 431
424, 410, 440, 410, 440, 431, 424, 431
472, 410, 491, 410, 491, 427, 472, 427
401, 412, 414, 412, 414, 427, 401, 427
281, 432, 282, 410, 302, 412, 300, 434
329, 413, 345, 413, 345, 431, 329, 431
258, 412, 272, 412, 272, 428, 258, 428
350, 411, 370, 411, 370, 429, 350, 429
104, 415, 128, 413, 129, 431, 105, 432
205, 412, 224, 412, 224, 433, 205, 433
61, 415, 80, 415, 80, 434, 61, 434
153, 413, 173, 413, 173, 432, 153, 432
231, 412, 248, 412, 248, 439, 231, 439
302, 413, 322, 413, 322, 432, 302, 432
374, 415, 393, 415, 393, 429, 374, 429
133, 415, 150, 415, 150, 430, 133, 430
179, 415, 200, 415, 200, 432, 179, 432
41, 415, 54, 415, 54, 432, 41, 432
85, 416, 102, 416, 102, 433, 85, 433
13, 417, 35, 417, 35, 433, 13, 433
398, 454, 399, 435, 417, 436, 416, 455
447, 435, 466, 435, 466, 452, 447, 452
38, 436, 56, 436, 56, 459, 38, 459
305, 435, 322, 435, 322, 455, 305, 455
376, 437, 391, 437, 391, 452, 376, 452
425, 435, 441, 435, 441, 451, 425, 451
472, 436, 487, 436, 487, 453, 472, 453
178, 435, 200, 435, 200, 457, 178, 457
328, 437, 342, 437, 342, 455, 328, 455
61, 438, 80, 438, 80, 455, 61, 455
160, 438, 175, 438, 175, 456, 160, 456
259, 437, 276, 437, 276, 454, 259, 454
206, 438, 225, 438, 225, 457, 206, 457
232, 437, 249, 437, 249, 455, 232, 455
281, 438, 298, 437, 299, 457, 282, 458
83, 461, 84, 437, 105, 438, 104, 461
133, 438, 154, 438, 154, 457, 133, 457
13, 440, 31, 440, 31, 457, 13, 457
106, 438, 131, 438, 131, 457, 106, 457
230, 459, 248, 459, 248, 481, 230, 481
329, 460, 343, 460, 343, 478, 329, 478
447, 459, 467, 459, 467, 481, 447, 481
472, 460, 487, 460, 487, 478, 472, 478
61, 460, 80, 460, 80, 482, 61, 482
352, 461, 369, 461, 369, 477, 352, 477
256, 461, 273, 461, 273, 481, 256, 481
425, 461, 443, 461, 443, 476, 425, 476
39, 461, 56, 461, 56, 482, 39, 482
110, 461, 131, 461, 131, 482, 110, 482
133, 478, 135, 460, 155, 463, 153, 481
156, 463, 175, 463, 175, 480, 156, 480
13, 462, 31, 462, 31, 482, 13, 482
284, 462, 297, 462, 297, 478, 284, 478
306, 463, 324, 462, 325, 476, 306, 477
399, 461, 418, 461, 418, 478, 399, 478
84, 464, 105, 464, 105, 483, 84, 483
180, 463, 198, 463, 198, 480, 180, 480
351, 483, 368, 483, 368, 504, 351, 504
330, 485, 343, 485, 343, 503, 330, 503
399, 504, 401, 483, 418, 484, 417, 505
207, 502, 208, 483, 222, 484, 221, 503
471, 483, 488, 483, 488, 502, 471, 502
305, 484, 321, 484, 321, 503, 305, 503
38, 486, 56, 486, 56, 508, 38, 508
60, 484, 80, 484, 80, 503, 60, 503
373, 484, 393, 484, 393, 504, 373, 504
179, 486, 189, 486, 189, 505, 179, 505
188, 487, 202, 487, 202, 505, 188, 505
231, 486, 249, 486, 249, 507, 231, 507
256, 486, 273, 486, 273, 503, 256, 503
89, 488, 104, 488, 104, 501, 89, 501
112, 487, 132, 487, 132, 503, 112, 503
159, 486, 173, 486, 173, 503, 159, 503
423, 486, 443, 486, 443, 502, 423, 502
137, 488, 156, 488, 156, 503, 137, 503
281, 486, 300, 486, 300, 505, 281, 505
158, 509, 173, 509, 173, 525, 158, 525
307, 509, 320, 509, 320, 531, 307, 531
206, 509, 222, 509, 222, 530, 206, 530
448, 509, 464, 509, 464, 530, 448, 530
111, 511, 130, 511, 130, 526, 111, 526
179, 510, 202, 510, 202, 530, 179, 530
256, 509, 273, 509, 273, 528, 256, 528
328, 510, 345, 510, 345, 528, 328, 528
352, 509, 369, 509, 369, 530, 352, 530
378, 511, 395, 511, 395, 530, 378, 530
137, 510, 154, 510, 154, 528, 137, 528
424, 531, 425, 508, 446, 509, 445, 532
89, 511, 105, 511, 105, 528, 89, 528
280, 513, 297, 513, 297, 528, 280, 528
399, 511, 419, 511, 419, 528, 399, 528
36, 511, 60, 511, 60, 531, 36, 531
62, 513, 81, 513, 81, 529, 62, 529
231, 511, 253, 511, 253, 528, 231, 528
233, 531, 253, 531, 253, 553, 233, 553
328, 534, 347, 534, 347, 551, 328, 551
181, 534, 205, 534, 205, 553, 181, 553
402, 553, 402, 535, 423, 535, 423, 553
210, 536, 225, 536, 225, 553, 210, 553
256, 535, 274, 535, 274, 553, 256, 553
279, 535, 298, 535, 298, 553, 279, 553
307, 537, 324, 537, 324, 551, 307, 551
379, 536, 391, 536, 391, 551, 379, 551
40, 536, 58, 536, 58, 552, 40, 552
469, 536, 487, 536, 487, 551, 469, 551
426, 537, 443, 537, 443, 551, 426, 551
109, 559, 116, 558, 117, 573, 110, 574
116, 558, 128, 558, 128, 574, 116, 574
277, 558, 297, 558, 297, 576, 277, 576
308, 558, 323, 558, 323, 575, 308, 575
355, 557, 369, 557, 369, 579, 355, 579
399, 557, 420, 557, 420, 578, 399, 578
423, 557, 444, 557, 444, 576, 423, 576
328, 557, 347, 557, 347, 576, 328, 576
39, 558, 60, 558, 60, 576, 39, 576
254, 559, 272, 558, 273, 575, 255, 576
470, 559, 485, 559, 485, 576, 470, 576
64, 559, 84, 559, 84, 582, 64, 582
87, 560, 102, 560, 102, 574, 87, 574
182, 558, 205, 558, 205, 578, 182, 578
208, 559, 225, 559, 225, 576, 208, 576
232, 559, 250, 559, 250, 574, 232, 574
135, 559, 157, 559, 157, 577, 135, 577
375, 561, 393, 561, 393, 578, 375, 578
42, 580, 60, 580, 60, 599, 42, 599
64, 580, 82, 580, 82, 599, 64, 599
184, 580, 202, 580, 202, 598, 184, 598
207, 580, 225, 580, 225, 599, 207, 599
257, 581, 274, 581, 274, 601, 257, 601
279, 581, 299, 581, 299, 601, 279, 601
307, 581, 326, 581, 326, 598, 307, 598
354, 583, 369, 583, 369, 599, 354, 599
376, 581, 393, 581, 393, 603, 376, 603
448, 580, 464, 580, 464, 601, 448, 601
467, 581, 487, 581, 487, 598, 467, 598
87, 581, 102, 581, 102, 597, 87, 597
16, 581, 36, 581, 36, 598, 16, 598
135, 584, 151, 583, 152, 597, 136, 598
231, 582, 239, 582, 239, 600, 231, 600
238, 581, 251, 581, 251, 600, 238, 600
330, 583, 347, 583, 347, 599, 330, 599
400, 603, 402, 581, 419, 582, 417, 605
135, 603, 157, 603, 157, 620, 135, 620
354, 603, 370, 603, 370, 622, 354, 622
65, 621, 67, 601, 83, 603, 81, 622
330, 603, 347, 603, 347, 626, 330, 626
469, 603, 484, 603, 484, 620, 469, 620
89, 603, 102, 603, 102, 620, 89, 620
159, 603, 177, 603, 177, 619, 159, 619
42, 604, 58, 603, 59, 621, 43, 622
182, 603, 204, 603, 204, 622, 182, 622
235, 605, 248, 605, 248, 620, 235, 620
257, 605, 274, 605, 274, 623, 257, 623
303, 605, 324, 605, 324, 624, 303, 624
206, 621, 206, 606, 226, 606, 226, 621
279, 605, 297, 605, 297, 622, 279, 622
378, 607, 392, 607, 392, 622, 378, 622
401, 606, 420, 606, 420, 623, 401, 623
110, 619, 130, 619, 130, 644, 110, 644
17, 625, 37, 625, 37, 642, 17, 642
64, 626, 82, 626, 82, 641, 64, 641
88, 626, 104, 626, 104, 642, 88, 642
179, 627, 204, 624, 205, 641, 180, 643
208, 625, 228, 625, 228, 643, 208, 643
283, 626, 299, 624, 301, 642, 285, 644
354, 626, 372, 626, 372, 645, 354, 645
423, 644, 424, 624, 439, 625, 437, 645
160, 626, 179, 626, 179, 642, 160, 642
232, 626, 251, 626, 251, 643, 232, 643
375, 626, 395, 626, 395, 646, 375, 646
137, 628, 152, 628, 152, 640, 137, 640
258, 627, 274, 627, 274, 642, 258, 642
330, 626, 345, 626, 345, 645, 330, 645
42, 626, 61, 626, 61, 643, 42, 643
303, 642, 305, 627, 325, 630, 324, 644
401, 641, 401, 627, 421, 628, 420, 642
181, 647, 202, 647, 202, 668, 181, 668
305, 647, 324, 647, 324, 667, 305, 667
447, 648, 460, 648, 460, 663, 447, 663
135, 647, 157, 647, 157, 665, 135, 665
158, 647, 176, 647, 176, 665, 158, 665
282, 649, 291, 649, 291, 666, 282, 666
290, 649, 301, 649, 301, 668, 290, 668
424, 648, 439, 648, 439, 665, 424, 665
43, 648, 59, 648, 59, 666, 43, 666
64, 648, 84, 648, 84, 667, 64, 667
112, 647, 131, 647, 131, 665, 112, 665
330, 648, 346, 648, 346, 669, 330, 669
401, 648, 417, 648, 417, 668, 401, 668
20, 649, 39, 649, 39, 672, 20, 672
87, 649, 106, 648, 107, 668, 88, 669
210, 651, 227, 651, 227, 666, 210, 666
233, 649, 248, 649, 248, 666, 233, 666
258, 649, 278, 649, 278, 667, 258, 667
354, 651, 368, 651, 368, 666, 354, 666
424, 669, 439, 669, 439, 685, 424, 685
260, 671, 274, 671, 274, 686, 260, 686
441, 685, 444, 668, 468, 673, 465, 690
89, 672, 109, 672, 109, 690, 89, 690
210, 669, 225, 669, 225, 689, 210, 689
114, 671, 130, 671, 130, 691, 114, 691
134, 688, 135, 670, 159, 672, 158, 690
183, 671, 202, 671, 202, 691, 183, 691
232, 671, 251, 671, 251, 689, 232, 689
307, 671, 331, 671, 331, 690, 307, 690
332, 671, 347, 671, 347, 690, 332, 690
44, 673, 52, 673, 52, 689, 44, 689
51, 672, 64, 672, 64, 690, 51, 690
355, 674, 368, 674, 368, 686, 355, 686
67, 674, 83, 674, 83, 691, 67, 691
425, 692, 438, 692, 438, 708, 425, 708
404, 693, 421, 693, 421, 710, 404, 710
443, 694, 462, 694, 462, 710, 443, 710
138, 694, 157, 694, 157, 714, 138, 714
353, 696, 369, 696, 369, 710, 353, 710
66, 694, 82, 694, 82, 713, 66, 713
330, 697, 345, 697, 345, 711, 330, 711
21, 697, 41, 697, 41, 714, 21, 714
44, 717, 44, 695, 61, 695, 61, 717
89, 696, 108, 696, 108, 716, 89, 716
206, 715, 207, 694, 229, 695, 228, 715
309, 694, 324, 694, 324, 711, 309, 711
280, 697, 305, 697, 305, 714, 280, 714
257, 697, 278, 697, 278, 714, 257, 714
463, 713, 481, 713, 481, 731, 463, 731
444, 715, 457, 715, 457, 732, 444, 732
422, 716, 437, 716, 437, 735, 422, 735
403, 717, 418, 717, 418, 733, 403, 733
307, 718, 323, 718, 323, 737, 307, 737
332, 718, 346, 718, 346, 735, 332, 735
376, 717, 391, 717, 391, 739, 376, 739
66, 719, 83, 719, 83, 737, 66, 737
140, 718, 157, 718, 157, 735, 140, 735
351, 718, 371, 718, 371, 738, 351, 738
1, 719, 14, 719, 14, 735, 1, 735
89, 720, 106, 720, 106, 736, 89, 736
210, 737, 211, 718, 228, 719, 227, 738
258, 720, 276, 720, 276, 737, 258, 737
282, 719, 297, 719, 297, 738, 282, 738
423, 740, 438, 740, 438, 754, 423, 754
400, 739, 420, 739, 420, 755, 400, 755
354, 740, 370, 740, 370, 755, 354, 755
376, 740, 395, 740, 395, 755, 376, 755
137, 740, 160, 740, 160, 756, 137, 756
326, 740, 346, 740, 346, 757, 326, 757
311, 742, 323, 742, 323, 757, 311, 757
2, 14, 2, 33, 18, 33, 18, 14
1, 33, 1, 51, 18, 51, 18, 33
2, 55, 2, 77, 15, 77, 15, 55
1, 79, 1, 98, 17, 98, 17, 79
1, 100, 1, 117, 15, 117, 15, 100
0, 123, 0, 142, 15, 142, 15, 123
0, 147, 0, 166, 12, 166, 12, 147
17, 142, 17, 164, 34, 164, 34, 142
41, 142, 41, 163, 58, 163, 58, 142
26, 15, 26, 29, 42, 29, 42, 15
45, 12, 45, 33, 59, 33, 59, 12
69, 12, 69, 26, 84, 26, 84, 12
92, 9, 92, 28, 108, 28, 108, 9
115, 9, 115, 30, 133, 30, 133, 9
139, 10, 139, 30, 158, 30, 158, 10
161, 11, 161, 25, 176, 25, 176, 11
187, 33, 187, 42, 201, 42, 201, 33
185, 47, 185, 65, 205, 65, 205, 47
186, 73, 186, 87, 200, 87, 200, 73
186, 96, 186, 106, 200, 106, 200, 96
161, 92, 161, 111, 181, 111, 181, 92
137, 94, 137, 115, 153, 115, 153, 94
212, 29, 212, 45, 230, 45, 230, 29
212, 49, 212, 66, 228, 66, 228, 49
235, 9, 235, 30, 253, 30, 253, 9
261, 11, 261, 26, 275, 26, 275, 11
282, 11, 282, 25, 300, 25, 300, 11
306, 7, 306, 25, 326, 25, 326, 7
326, 9, 326, 26, 343, 26, 343, 9
24, 35, 24, 50, 36, 50, 36, 35
23, 53, 23, 76, 39, 76, 39, 53
45, 52, 45, 71, 61, 71, 61, 52
44, 32, 44, 48, 62, 48, 62, 32
68, 50, 68, 69, 85, 69, 85, 50
93, 51, 93, 68, 108, 68, 108, 51
112, 49, 112, 68, 133, 68, 133, 49
259, 27, 259, 48, 274, 48, 274, 27
281, 27, 281, 46, 300, 46, 300, 27
306, 26, 306, 44, 323, 44, 323, 26
304, 46, 304, 67, 322, 67, 322, 46
305, 69, 305, 90, 323, 90, 323, 69
305, 91, 305, 107, 323, 107, 323, 91
353, 11, 353, 25, 371, 25, 371, 11
353, 32, 353, 45, 369, 45, 369, 32
375, 10, 375, 27, 393, 27, 393, 10
399, 8, 399, 29, 415, 29, 415, 8
421, 8, 421, 28, 434, 28, 434, 8
422, 29, 422, 44, 436, 44, 436, 29
443, 9, 443, 26, 463, 26, 463, 9
445, 28, 445, 46, 463, 46, 463, 28
466, 9, 466, 28, 487, 28, 487, 9
468, 29, 468, 46, 488, 46, 488, 29
466, 46, 466, 66, 485, 66, 485, 46
465, 68, 465, 85, 485, 85, 485, 68
469, 152, 469, 173, 487, 173, 487, 152
422, 132, 422, 148, 441, 148, 441, 132
422, 153, 422, 172, 440, 172, 440, 153
424, 199, 424, 217, 442, 217, 442, 199
350, 155, 350, 173, 372, 173, 372, 155
351, 177, 351, 198, 368, 198, 368, 177
353, 200, 353, 218, 368, 218, 368, 200
328, 199, 328, 219, 344, 219, 344, 199
307, 199, 307, 219, 325, 219, 325, 199
307, 222, 307, 237, 322, 237, 322, 222
305, 178, 305, 196, 322, 196, 322, 178
277, 91, 277, 110, 296, 110, 296, 91
355, 70, 355, 88, 368, 88, 368, 70
356, 92, 356, 110, 367, 110, 367, 92
329, 50, 329, 69, 345, 69, 345, 50
255, 135, 255, 155, 273, 155, 273, 135
255, 156, 255, 175, 273, 175, 273, 156
255, 177, 255, 196, 271, 196, 271, 177
279, 179, 279, 194, 298, 194, 298, 179
279, 195, 279, 204, 297, 204, 297, 195
281, 206, 281, 224, 292, 224, 292, 206
254, 200, 254, 220, 270, 220, 270, 200
231, 180, 231, 200, 247, 200, 247, 180
231, 201, 231, 219, 248, 219, 248, 201
232, 223, 232, 236, 246, 236, 246, 223
233, 137, 233, 155, 249, 155, 249, 137
207, 136, 207, 154, 227, 154, 227, 136
184, 135, 184, 155, 203, 155, 203, 135
158, 138, 158, 160, 174, 160, 174, 138
138, 141, 138, 155, 151, 155, 151, 141
87, 143, 87, 162, 108, 162, 108, 143
110, 141, 110, 156, 128, 156, 128, 141
84, 163, 84, 179, 103, 179, 103, 163
159, 179, 159, 200, 172, 200, 172, 179
185, 182, 185, 197, 198, 197, 198, 182
207, 181, 207, 199, 223, 199, 223, 181
208, 203, 208, 219, 222, 219, 222, 203
183, 200, 183, 217, 200, 217, 200, 200
182, 223, 182, 246, 202, 246, 202, 223
158, 204, 158, 217, 174, 217, 174, 204
132, 205, 132, 221, 152, 221, 152, 205
400, 247, 400, 258, 418, 258, 418, 247
424, 246, 424, 261, 445, 261, 445, 246
425, 392, 425, 403, 441, 403, 441, 392
376, 460, 376, 477, 392, 477, 392, 460
450, 485, 450, 504, 468, 504, 468, 485
450, 533, 450, 551, 464, 551, 464, 533
473, 513, 473, 529, 485, 529, 485, 513
450, 556, 450, 579, 464, 579, 464, 556
446, 604, 446, 622, 464, 622, 464, 604
447, 624, 447, 644, 462, 644, 462, 624
466, 624, 466, 640, 486, 640, 486, 624
466, 645, 466, 664, 487, 664, 487, 645
467, 669, 467, 685, 484, 685, 484, 669
465, 690, 465, 707, 481, 707, 481, 690
443, 734, 443, 755, 457, 755, 457, 734
464, 734, 464, 755, 482, 755, 482, 734
376, 648, 376, 665, 395, 665, 395, 648
377, 672, 377, 688, 398, 688, 398, 672
234, 697, 234, 712, 253, 712, 253, 697
235, 718, 235, 746, 253, 746, 253, 718
235, 746, 235, 753, 253, 753, 253, 746
187, 694, 187, 715, 201, 715, 201, 694
184, 717, 184, 733, 199, 733, 199, 717
188, 740, 188, 759, 202, 759, 202, 740
208, 740, 208, 759, 226, 759, 226, 740
41, 72, 41, 91, 60, 91, 60, 72
22, 79, 22, 89, 38, 89, 38, 79
20, 96, 20, 120, 35, 120, 35, 96
17, 187, 17, 203, 36, 203, 36, 187
18, 206, 18, 223, 33, 223, 33, 206
40, 207, 40, 225, 55, 225, 55, 207
62, 206, 62, 222, 82, 222, 82, 206
0, 252, 0, 274, 7, 274, 7, 252
0, 187, 0, 207, 13, 207, 13, 187
0, 208, 0, 226, 10, 226, 10, 208
0, 300, 0, 322, 8, 322, 8, 300
0, 323, 0, 344, 10, 344, 10, 323
0, 345, 0, 369, 8, 369, 8, 345
13, 371, 13, 392, 35, 392, 35, 371
36, 372, 36, 390, 57, 390, 57, 372
12, 394, 12, 407, 31, 407, 31, 394
155, 347, 155, 353, 174, 353, 174, 347
158, 392, 158, 410, 173, 410, 173, 392
206, 391, 206, 406, 222, 406, 222, 391
206, 368, 206, 387, 225, 387, 225, 368
228, 368, 228, 383, 249, 383, 249, 368
281, 346, 281, 360, 296, 360, 296, 346
306, 341, 306, 366, 321, 366, 321, 341
304, 366, 304, 386, 321, 386, 321, 366
308, 243, 308, 258, 321, 258, 321, 243
63, 535, 63, 555, 83, 555, 83, 535
90, 535, 90, 552, 106, 552, 106, 535
111, 533, 111, 550, 130, 550, 130, 533
138, 534, 138, 557, 158, 557, 158, 534
158, 534, 158, 556, 174, 556, 174, 534
157, 581, 157, 599, 179, 599, 179, 581
110, 580, 110, 600, 126, 600, 126, 580
110, 601, 110, 613, 132, 613, 132, 601
13, 488, 13, 510, 33, 510, 33, 488
14, 512, 14, 530, 33, 530, 33, 512
18, 535, 18, 558, 33, 558, 33, 535
18, 560, 18, 578, 35, 578, 35, 560
1, 536, 1, 554, 11, 554, 11, 536
0, 561, 0, 578, 11, 578, 11, 561
0, 583, 0, 598, 9, 598, 9, 583
0, 603, 0, 619, 10, 619, 10, 603
0, 628, 0, 644, 12, 644, 12, 628
1, 652, 1, 665, 12, 665, 12, 652
0, 670, 0, 691, 15, 691, 15, 670
21, 673, 21, 689, 37, 689, 37, 673
0, 693, 0, 718, 15, 718, 15, 693
1, 741, 1, 757, 15, 757, 15, 741
44, 720, 44, 740, 62, 740, 62, 720
46, 740, 46, 760, 60, 760, 60, 740
68, 739, 68, 761, 84, 761, 84, 739
86, 738, 86, 758, 107, 758, 107, 738
114, 694, 114, 718, 129, 718, 129, 694
115, 718, 115, 739, 127, 739, 127, 718
113, 740, 113, 758, 130, 758, 130, 740
281, 672, 281, 690, 300, 690, 300, 672
259, 742, 259, 759, 276, 759, 276, 742
283, 744, 283, 758, 296, 758, 296, 744
