588, 172, 617, 172, 617, 197, 588, 197
627, 173, 661, 173, 661, 199, 627, 199
681, 199, 683, 173, 709, 175, 708, 200
929, 174, 956, 174, 956, 202, 929, 202
780, 174, 810, 174, 810, 198, 780, 198
879, 174, 909, 174, 909, 201, 879, 201
730, 175, 764, 175, 764, 203, 730, 203
832, 175, 860, 175, 860, 195, 832, 195
432, 228, 433, 196, 458, 198, 456, 229
729, 201, 765, 201, 765, 261, 729, 261
930, 201, 961, 201, 961, 227, 930, 227
590, 203, 618, 203, 618, 229, 590, 229
880, 205, 910, 205, 910, 227, 880, 227
780, 206, 809, 206, 809, 229, 780, 229
829, 205, 865, 205, 865, 229, 829, 229
627, 206, 659, 204, 660, 226, 629, 228
680, 207, 709, 207, 709, 230, 680, 230
934, 230, 959, 230, 959, 256, 934, 256
429, 231, 461, 231, 461, 259, 429, 259
880, 232, 913, 232, 913, 258, 880, 258
630, 233, 659, 233, 659, 261, 630, 261
586, 235, 615, 235, 615, 260, 586, 260
828, 235, 864, 235, 864, 259, 828, 259
778, 235, 810, 235, 810, 260, 778, 260
928, 260, 960, 260, 960, 290, 928, 290
586, 264, 616, 264, 616, 290, 586, 290
629, 290, 630, 262, 661, 263, 660, 291
677, 292, 678, 262, 716, 263, 715, 294
882, 263, 914, 263, 914, 291, 882, 291
729, 266, 759, 265, 760, 286, 730, 287
829, 265, 854, 265, 854, 293, 829, 293
926, 296, 959, 293, 962, 321, 928, 324
633, 296, 661, 296, 661, 319, 633, 319
683, 294, 714, 294, 714, 319, 683, 319
883, 295, 911, 295, 911, 315, 883, 315
589, 328, 590, 295, 613, 296, 612, 329
826, 300, 858, 300, 858, 351, 826, 351
929, 320, 962, 320, 962, 349, 929, 349
880, 322, 906, 322, 906, 352, 880, 352
678, 325, 710, 325, 710, 354, 678, 354
629, 326, 661, 326, 661, 353, 629, 353
728, 350, 729, 326, 760, 327, 759, 351
879, 351, 909, 351, 909, 386, 879, 386
779, 380, 781, 352, 807, 354, 805, 381
936, 353, 959, 353, 959, 375, 936, 375
827, 358, 855, 356, 857, 379, 829, 380
630, 381, 631, 356, 663, 358, 662, 382
682, 361, 706, 361, 706, 378, 682, 378
932, 379, 957, 379, 957, 414, 932, 414
630, 384, 666, 384, 666, 415, 630, 415
829, 385, 855, 385, 855, 412, 829, 412
878, 384, 909, 384, 909, 417, 878, 417
728, 387, 757, 387, 757, 411, 728, 411
680, 387, 708, 387, 708, 412, 680, 412
793, 391, 815, 391, 815, 409, 793, 409
769, 390, 794, 390, 794, 411, 769, 411
794, 418, 814, 418, 814, 439, 794, 439
878, 416, 904, 416, 904, 444, 878, 444
929, 417, 961, 417, 961, 445, 929, 445
632, 419, 666, 419, 666, 442, 632, 442
770, 419, 787, 419, 787, 440, 770, 440
677, 419, 714, 419, 714, 448, 677, 448
728, 445, 759, 445, 759, 471, 728, 471
680, 445, 710, 445, 710, 472, 680, 472
768, 448, 789, 448, 789, 471, 768, 471
793, 448, 814, 448, 814, 472, 793, 472
827, 446, 854, 446, 854, 471, 827, 471
632, 448, 666, 448, 666, 471, 632, 471
929, 446, 961, 446, 961, 474, 929, 474
680, 478, 714, 477, 715, 505, 681, 507
770, 477, 792, 477, 792, 501, 770, 501
793, 479, 819, 479, 819, 499, 793, 499
830, 476, 855, 476, 855, 502, 830, 502
631, 478, 661, 478, 661, 499, 631, 499
727, 478, 763, 478, 763, 503, 727, 503
882, 478, 913, 478, 913, 504, 882, 504
829, 501, 855, 501, 855, 531, 829, 531
946, 505, 968, 505, 968, 527, 946, 527
924, 505, 948, 505, 948, 526, 924, 526
634, 507, 659, 507, 659, 530, 634, 530
677, 504, 714, 504, 714, 533, 677, 533
727, 506, 761, 506, 761, 535, 727, 535
778, 509, 806, 509, 806, 529, 778, 529
881, 508, 913, 508, 913, 535, 881, 535
880, 534, 909, 534, 909, 562, 880, 562
677, 533, 714, 533, 714, 562, 677, 562
632, 537, 660, 537, 660, 562, 632, 562
774, 536, 808, 536, 808, 560, 774, 560
925, 537, 947, 537, 947, 560, 925, 560
728, 540, 757, 540, 757, 560, 728, 560
782, 590, 783, 565, 805, 567, 803, 591
729, 567, 757, 567, 757, 589, 729, 589
680, 592, 680, 567, 713, 568, 713, 592
881, 567, 905, 567, 905, 591, 881, 591
679, 593, 717, 593, 717, 625, 679, 625
631, 594, 665, 591, 668, 624, 634, 627
841, 597, 864, 597, 864, 625, 841, 625
778, 598, 808, 598, 808, 625, 778, 625
929, 598, 961, 598, 961, 626, 929, 626
820, 598, 841, 598, 841, 624, 820, 624
880, 600, 904, 600, 904, 625, 880, 625
729, 601, 761, 601, 761, 624, 729, 624
780, 626, 804, 626, 804, 656, 780, 656
636, 627, 666, 627, 666, 656, 636, 656
679, 627, 716, 627, 716, 654, 679, 654
731, 651, 732, 626, 758, 628, 756, 653
879, 630, 904, 630, 904, 659, 879, 659
843, 632, 863, 632, 863, 654, 843, 654
930, 633, 960, 633, 960, 656, 930, 656
931, 682, 932, 655, 958, 656, 957, 683
780, 656, 804, 656, 804, 683, 780, 683
682, 688, 683, 658, 714, 660, 712, 689
827, 658, 857, 658, 857, 688, 827, 688
877, 655, 910, 655, 910, 689, 877, 689
729, 659, 758, 659, 758, 684, 729, 684
636, 661, 655, 661, 655, 685, 636, 685
931, 688, 957, 688, 957, 718, 931, 718
681, 687, 707, 687, 707, 712, 681, 712
778, 690, 809, 690, 809, 713, 778, 713
630, 691, 657, 691, 657, 717, 630, 717
877, 689, 907, 689, 907, 718, 877, 718
729, 692, 759, 692, 759, 712, 729, 712
832, 693, 855, 693, 855, 711, 832, 711
728, 716, 764, 716, 764, 745, 728, 745
777, 746, 779, 717, 807, 719, 806, 748
676, 718, 713, 718, 713, 745, 676, 745
926, 719, 958, 719, 958, 747, 926, 747
829, 719, 859, 719, 859, 747, 829, 747
630, 720, 658, 720, 658, 745, 630, 745
879, 749, 909, 749, 909, 777, 879, 777
931, 779, 933, 750, 957, 751, 956, 780
628, 752, 666, 752, 666, 780, 628, 780
682, 753, 713, 753, 713, 774, 682, 774
830, 754, 855, 754, 855, 774, 830, 774
727, 752, 765, 752, 765, 780, 727, 780
779, 753, 806, 753, 806, 775, 779, 775
680, 780, 709, 780, 709, 803, 680, 803
729, 779, 762, 779, 762, 809, 729, 809
780, 782, 804, 782, 804, 807, 780, 807
929, 813, 931, 778, 957, 780, 954, 815
629, 807, 630, 782, 660, 783, 659, 808
826, 807, 827, 782, 862, 783, 861, 809
881, 785, 906, 785, 906, 806, 881, 806
682, 810, 706, 810, 706, 840, 682, 840
777, 811, 810, 814, 817, 835, 778, 838
829, 814, 857, 814, 857, 834, 829, 834
629, 815, 662, 815, 662, 838, 629, 838
878, 815, 911, 815, 911, 840, 878, 840
929, 812, 961, 812, 961, 843, 929, 843
880, 839, 908, 839, 908, 864, 880, 864
680, 867, 683, 839, 712, 842, 709, 870
826, 842, 855, 842, 855, 866, 826, 866
729, 843, 760, 843, 760, 866, 729, 866
776, 843, 811, 843, 811, 864, 776, 864
632, 844, 659, 844, 659, 870, 632, 870
929, 844, 960, 844, 960, 869, 929, 869
875, 872, 912, 872, 912, 897, 875, 897
929, 875, 960, 875, 960, 899, 929, 899
784, 270, 784, 281, 810, 281, 810, 270
783, 295, 783, 325, 810, 325, 810, 295
683, 241, 683, 257, 709, 257, 709, 241
735, 300, 735, 325, 758, 325, 758, 300
732, 358, 732, 381, 756, 381, 756, 358
781, 330, 781, 347, 807, 347, 807, 330
830, 418, 830, 441, 856, 441, 856, 418
735, 422, 735, 438, 757, 438, 757, 422
885, 451, 885, 470, 910, 470, 910, 451
930, 487, 930, 494, 965, 494, 965, 487
634, 567, 634, 594, 662, 594, 662, 567
945, 573, 945, 596, 969, 596, 969, 573
952, 537, 952, 566, 970, 566, 970, 537
879, 729, 879, 739, 906, 739, 906, 729
829, 879, 829, 903, 863, 903, 863, 879
781, 869, 781, 898, 805, 898, 805, 869
734, 872, 734, 900, 766, 900, 766, 872
679, 878, 679, 897, 712, 897, 712, 878
635, 877, 635, 901, 661, 901, 661, 877
818, 540, 818, 565, 842, 565, 842, 540
845, 536, 845, 560, 868, 560, 868, 536
817, 569, 817, 592, 842, 592, 842, 569
841, 569, 841, 595, 869, 595, 869, 569
735, 816, 735, 840, 758, 840, 758, 816
982, 172, 982, 205, 997, 205, 997, 172
983, 240, 983, 269, 998, 269, 998, 240
982, 405, 982, 445, 998, 445, 998, 405
983, 495, 983, 475, 999, 475, 999, 495
982, 452, 982, 469, 999, 469, 999, 452
982, 307, 982, 273, 999, 273, 999, 307
983, 208, 983, 237, 999, 237, 999, 208
985, 312, 985, 334, 998, 334, 998, 312
985, 365, 985, 336, 999, 336, 999, 365
22, 690, 22, 721, 0, 721, 0, 690
