353, 269, 355, 235, 385, 236, 383, 271
388, 236, 426, 236, 426, 273, 388, 273
353, 277, 386, 277, 386, 307, 353, 307
391, 277, 425, 277, 425, 309, 391, 309
390, 316, 424, 316, 424, 344, 390, 344
430, 314, 463, 314, 463, 343, 430, 343
354, 318, 388, 318, 388, 351, 354, 351
351, 350, 390, 350, 390, 385, 351, 385
389, 350, 427, 349, 428, 381, 391, 383
434, 350, 463, 350, 463, 381, 434, 381
392, 393, 429, 393, 429, 423, 392, 423
425, 392, 465, 392, 465, 426, 425, 426
347, 425, 349, 391, 391, 393, 390, 427
424, 452, 449, 452, 449, 479, 424, 479
453, 453, 488, 453, 488, 484, 453, 484
491, 452, 524, 452, 524, 480, 491, 480
385, 456, 422, 454, 423, 480, 387, 482
284, 455, 317, 454, 318, 489, 284, 490
203, 457, 235, 457, 235, 485, 203, 485
318, 456, 357, 456, 357, 484, 318, 484
245, 456, 277, 456, 277, 488, 245, 488
354, 460, 388, 460, 388, 485, 354, 485
285, 489, 318, 489, 318, 519, 285, 519
318, 487, 353, 487, 353, 521, 318, 521
455, 518, 455, 490, 488, 490, 488, 518
353, 492, 385, 492, 385, 519, 353, 519
414, 494, 455, 490, 457, 515, 417, 520
487, 490, 523, 490, 523, 516, 487, 516
386, 491, 417, 491, 417, 520, 386, 520
290, 524, 320, 524, 320, 553, 290, 553
180, 524, 206, 525, 207, 555, 176, 556
451, 526, 489, 524, 490, 553, 452, 554
314, 527, 356, 527, 356, 554, 314, 554
419, 527, 453, 527, 453, 557, 419, 557
391, 527, 420, 527, 420, 552, 391, 552
212, 532, 238, 532, 238, 553, 212, 553
357, 560, 357, 531, 388, 531, 388, 560
422, 556, 455, 556, 455, 585, 422, 585
279, 558, 320, 558, 320, 587, 279, 587
394, 559, 416, 559, 416, 583, 394, 583
322, 586, 323, 559, 352, 561, 351, 588
362, 560, 383, 560, 383, 587, 362, 587
452, 586, 455, 557, 490, 561, 487, 590
175, 592, 209, 592, 209, 617, 175, 617
246, 618, 246, 596, 281, 596, 281, 618
293, 597, 317, 595, 318, 615, 295, 617
457, 595, 487, 595, 487, 620, 457, 620
323, 597, 353, 597, 353, 614, 323, 614
488, 619, 492, 592, 521, 596, 517, 623
208, 595, 249, 595, 249, 619, 208, 619
287, 626, 337, 626, 337, 650, 287, 650
390, 628, 422, 628, 422, 651, 390, 651
420, 654, 420, 628, 455, 628, 455, 654
456, 627, 482, 627, 482, 655, 456, 655
248, 630, 277, 630, 277, 655, 248, 655
494, 631, 528, 626, 530, 661, 489, 664
333, 631, 352, 631, 352, 651, 333, 651
283, 658, 316, 658, 316, 684, 283, 684
319, 687, 321, 660, 357, 663, 355, 690
453, 659, 485, 659, 485, 688, 453, 688
356, 662, 386, 662, 386, 690, 356, 690
391, 662, 423, 662, 423, 688, 391, 688
422, 685, 423, 664, 452, 665, 451, 687
211, 694, 244, 694, 244, 717, 211, 717
284, 694, 316, 694, 316, 720, 284, 720
315, 692, 355, 692, 355, 723, 315, 723
357, 693, 385, 693, 385, 722, 357, 722
177, 696, 205, 696, 205, 720, 177, 720
418, 694, 448, 694, 448, 719, 418, 719
456, 694, 487, 691, 486, 719, 456, 717
253, 697, 278, 697, 278, 716, 253, 716
493, 696, 524, 696, 524, 725, 489, 725
354, 725, 386, 725, 386, 758, 354, 758
282, 726, 316, 726, 316, 751, 282, 751
488, 728, 519, 728, 519, 748, 488, 748
174, 726, 207, 726, 207, 751, 174, 751
424, 727, 451, 727, 452, 760, 421, 760
458, 728, 478, 726, 485, 756, 458, 752
213, 728, 244, 728, 244, 751, 213, 751
253, 730, 278, 730, 278, 750, 253, 750
323, 729, 357, 729, 357, 756, 323, 756
177, 759, 207, 759, 207, 787, 177, 787
212, 763, 245, 763, 245, 785, 212, 785
325, 761, 352, 761, 352, 790, 325, 790
360, 762, 385, 762, 385, 788, 360, 788
393, 762, 417, 762, 417, 789, 393, 789
282, 762, 311, 762, 311, 789, 282, 789
416, 763, 451, 763, 451, 791, 416, 791
455, 765, 488, 765, 488, 786, 455, 786
493, 764, 516, 764, 516, 785, 493, 785
250, 764, 283, 764, 283, 789, 250, 789
456, 793, 484, 793, 484, 825, 456, 825
212, 795, 242, 795, 242, 823, 212, 823
423, 796, 457, 796, 457, 826, 423, 826
491, 798, 517, 798, 517, 821, 491, 821
174, 797, 205, 797, 210, 828, 174, 821
356, 798, 383, 798, 383, 824, 356, 824
391, 801, 418, 801, 418, 827, 391, 827
357, 829, 384, 829, 384, 860, 357, 860
322, 828, 350, 828, 350, 860, 322, 860
249, 830, 284, 830, 284, 857, 249, 857
391, 830, 418, 830, 418, 858, 391, 858
175, 831, 211, 831, 211, 857, 175, 857
210, 830, 243, 830, 243, 856, 210, 856
282, 832, 318, 832, 318, 856, 282, 856
417, 858, 419, 830, 453, 832, 452, 860
457, 831, 490, 831, 490, 860, 457, 860
391, 864, 420, 864, 420, 890, 391, 890
420, 865, 453, 865, 453, 890, 420, 890
248, 867, 278, 865, 280, 895, 250, 897
322, 867, 349, 867, 349, 899, 322, 899
358, 867, 387, 867, 387, 893, 358, 893
174, 893, 175, 866, 206, 868, 205, 895
287, 866, 314, 865, 312, 896, 289, 897
459, 887, 460, 866, 486, 868, 485, 888
488, 868, 522, 868, 522, 889, 488, 889
214, 894, 240, 894, 240, 927, 214, 927
246, 924, 248, 894, 280, 895, 278, 926
358, 898, 384, 898, 384, 923, 358, 923
455, 897, 486, 897, 486, 926, 455, 926
494, 897, 517, 897, 517, 927, 494, 927
390, 920, 392, 896, 417, 898, 415, 922
418, 900, 451, 900, 451, 924, 418, 924
173, 899, 205, 897, 206, 932, 175, 934
358, 930, 388, 930, 388, 961, 358, 961
390, 930, 416, 930, 416, 958, 390, 958
176, 931, 206, 931, 206, 961, 176, 961
287, 956, 288, 934, 319, 935, 318, 957
420, 933, 452, 933, 452, 958, 420, 958
491, 933, 524, 933, 524, 965, 491, 965
211, 932, 249, 932, 247, 964, 212, 967
318, 935, 351, 933, 353, 960, 321, 963
455, 934, 483, 934, 483, 957, 455, 957
281, 964, 315, 964, 315, 993, 281, 993
460, 966, 484, 964, 484, 992, 461, 994
357, 965, 387, 965, 387, 997, 357, 997
419, 966, 451, 965, 452, 992, 420, 994
390, 967, 416, 967, 416, 994, 390, 994
178, 967, 205, 967, 205, 994, 178, 994
320, 967, 351, 967, 351, 997, 320, 997
434, 234, 434, 275, 462, 275, 462, 234
434, 271, 434, 309, 462, 309, 462, 271
522, 526, 522, 558, 492, 558, 492, 526
524, 558, 524, 588, 492, 588, 492, 558
523, 831, 523, 857, 494, 857, 494, 831
248, 798, 248, 825, 282, 825, 282, 798
290, 796, 290, 825, 318, 825, 318, 796
322, 797, 322, 824, 352, 824, 352, 797
255, 933, 255, 962, 278, 962, 278, 933
252, 968, 252, 992, 283, 992, 283, 968
212, 865, 212, 894, 247, 894, 247, 865
170, 657, 170, 689, 209, 689, 209, 657
214, 660, 214, 689, 244, 689, 244, 660
250, 660, 250, 686, 281, 686, 281, 660
175, 626, 175, 656, 212, 656, 212, 626
214, 623, 214, 659, 242, 659, 242, 623
251, 532, 251, 548, 283, 548, 283, 532
250, 493, 250, 514, 279, 514, 279, 493
207, 493, 207, 519, 247, 519, 247, 493
158, 493, 158, 512, 178, 512, 178, 493
178, 561, 178, 583, 211, 583, 211, 561
214, 562, 214, 584, 240, 584, 240, 562
249, 560, 249, 590, 280, 590, 280, 560
389, 594, 389, 622, 423, 622, 423, 594
427, 591, 427, 625, 455, 625, 455, 591
362, 627, 362, 659, 383, 659, 383, 627
358, 593, 358, 622, 388, 622, 388, 593
321, 902, 321, 928, 349, 928, 349, 902
155, 454, 155, 488, 175, 488, 175, 454
178, 454, 178, 490, 204, 490, 204, 454
181, 489, 181, 523, 204, 523, 204, 489
287, 900, 284, 919, 318, 918, 314, 900
495, 662, 495, 689, 527, 691, 527, 662
393, 731, 392, 752, 420, 752, 420, 731
390, 692, 392, 717, 417, 720, 418, 694, 398, 691
