816, 14, 834, 14, 834, 44, 816, 44
226, 13, 256, 13, 256, 50, 226, 50
291, 14, 312, 14, 312, 45, 291, 45
341, 15, 363, 15, 363, 45, 341, 45
789, 15, 810, 15, 810, 42, 789, 42
1015, 16, 1036, 16, 1036, 44, 1015, 44
840, 15, 861, 15, 861, 44, 840, 44
864, 15, 886, 15, 886, 45, 864, 45
316, 17, 335, 17, 335, 46, 316, 46
375, 15, 402, 15, 402, 47, 375, 47
441, 15, 460, 15, 460, 44, 441, 44
914, 16, 934, 16, 934, 45, 914, 45
965, 16, 984, 16, 984, 45, 965, 45
192, 16, 214, 16, 214, 46, 192, 46
263, 16, 288, 16, 288, 50, 263, 50
417, 17, 439, 17, 439, 45, 417, 45
472, 15, 504, 15, 504, 44, 472, 44
166, 16, 189, 16, 189, 44, 166, 44
866, 80, 867, 50, 888, 51, 887, 80
31, 52, 56, 52, 56, 83, 31, 83
313, 50, 337, 48, 339, 81, 316, 83
666, 51, 685, 51, 685, 80, 666, 80
715, 51, 737, 51, 737, 78, 715, 78
739, 52, 759, 52, 759, 78, 739, 78
940, 54, 961, 54, 961, 79, 940, 79
92, 54, 113, 54, 113, 83, 92, 83
292, 52, 314, 52, 313, 81, 293, 82
344, 53, 362, 53, 362, 81, 344, 81
378, 53, 403, 53, 403, 83, 378, 83
478, 53, 501, 53, 501, 82, 478, 82
639, 53, 658, 52, 660, 78, 640, 79
763, 52, 787, 52, 787, 79, 763, 79
789, 52, 812, 50, 810, 80, 789, 80
966, 51, 985, 51, 986, 80, 966, 82
69, 54, 88, 54, 88, 83, 69, 83
190, 53, 215, 53, 215, 83, 190, 83
440, 55, 462, 53, 464, 81, 442, 82
613, 52, 636, 52, 636, 78, 613, 78
816, 53, 834, 53, 835, 81, 815, 78
892, 54, 913, 54, 913, 79, 892, 79
117, 53, 140, 53, 140, 81, 117, 81
141, 54, 167, 54, 167, 82, 141, 82
419, 54, 441, 54, 441, 82, 419, 82
591, 53, 612, 53, 612, 79, 591, 79
689, 53, 712, 53, 712, 79, 689, 79
914, 54, 936, 54, 936, 79, 914, 79
1013, 55, 1037, 55, 1037, 80, 1013, 80
166, 55, 188, 55, 188, 82, 166, 82
841, 54, 863, 54, 863, 80, 841, 80
260, 55, 287, 55, 287, 87, 260, 87
224, 55, 260, 53, 258, 86, 226, 88
990, 54, 1009, 54, 1010, 82, 991, 81
32, 85, 56, 85, 56, 118, 32, 118
691, 86, 713, 86, 713, 115, 691, 115
292, 86, 313, 86, 313, 116, 292, 116
865, 86, 887, 86, 887, 116, 865, 116
140, 87, 164, 87, 164, 118, 140, 116
316, 91, 336, 90, 338, 119, 317, 120
343, 88, 365, 88, 365, 117, 343, 117
477, 118, 479, 88, 503, 89, 501, 119
572, 86, 605, 86, 605, 124, 572, 124
640, 88, 663, 88, 664, 117, 641, 115
665, 87, 687, 87, 687, 113, 665, 113
715, 87, 736, 86, 737, 114, 715, 115
766, 86, 787, 86, 787, 116, 766, 116
811, 88, 835, 88, 835, 115, 811, 115
889, 88, 909, 88, 909, 114, 889, 114
1015, 88, 1036, 88, 1036, 116, 1015, 116
441, 90, 463, 90, 463, 118, 441, 118
541, 91, 562, 91, 562, 112, 541, 112
616, 88, 638, 88, 638, 113, 616, 113
738, 87, 762, 87, 762, 115, 740, 116
839, 89, 860, 87, 861, 115, 840, 116
914, 88, 935, 88, 935, 116, 914, 116
940, 91, 959, 91, 959, 116, 940, 116
961, 90, 983, 90, 983, 115, 961, 115
990, 90, 1011, 90, 1011, 115, 990, 115
93, 92, 116, 92, 116, 119, 93, 119
418, 90, 440, 90, 440, 119, 418, 119
515, 91, 535, 91, 535, 112, 515, 112
790, 89, 811, 89, 811, 116, 790, 116
68, 91, 89, 91, 89, 116, 68, 116
194, 88, 215, 90, 215, 119, 190, 119
376, 90, 401, 90, 401, 117, 376, 117
169, 92, 189, 89, 187, 117, 168, 117
541, 118, 563, 118, 563, 141, 541, 141
515, 119, 536, 119, 536, 140, 515, 140
642, 122, 661, 122, 661, 150, 642, 150
119, 125, 139, 123, 141, 153, 122, 154
616, 124, 637, 124, 637, 150, 616, 150
666, 121, 688, 121, 688, 149, 666, 149
790, 123, 811, 123, 811, 148, 790, 148
814, 123, 837, 123, 837, 150, 814, 150
377, 123, 401, 121, 403, 151, 379, 152
713, 123, 740, 123, 740, 149, 713, 149
840, 123, 861, 123, 861, 150, 840, 150
31, 124, 57, 124, 57, 154, 31, 154
144, 124, 166, 123, 166, 151, 144, 152
343, 125, 364, 125, 364, 151, 343, 151
416, 124, 440, 124, 440, 150, 416, 150
478, 123, 504, 123, 504, 153, 478, 153
738, 124, 761, 124, 761, 149, 738, 149
885, 124, 908, 124, 908, 149, 885, 149
937, 127, 958, 126, 960, 151, 940, 153
963, 125, 985, 125, 985, 150, 963, 150
990, 124, 1009, 124, 1009, 149, 990, 149
1016, 124, 1034, 124, 1034, 150, 1016, 150
69, 124, 89, 124, 89, 153, 69, 153
94, 126, 114, 125, 115, 155, 95, 156
439, 124, 461, 124, 461, 149, 439, 149
914, 125, 934, 125, 934, 151, 914, 151
318, 126, 342, 126, 341, 154, 318, 155
865, 126, 886, 126, 886, 149, 865, 149
515, 146, 534, 146, 534, 169, 515, 169
641, 159, 662, 159, 662, 183, 641, 183
661, 160, 687, 160, 687, 185, 661, 185
480, 159, 503, 159, 503, 189, 480, 189
687, 187, 688, 163, 714, 164, 712, 188
736, 159, 761, 159, 761, 185, 736, 185
790, 159, 811, 159, 811, 185, 790, 185
817, 159, 837, 159, 837, 185, 817, 185
840, 159, 860, 159, 860, 186, 840, 186
889, 159, 909, 159, 909, 185, 889, 185
958, 160, 987, 160, 987, 188, 958, 188
30, 159, 55, 159, 55, 191, 30, 191
318, 160, 339, 160, 339, 187, 318, 187
442, 160, 462, 158, 465, 188, 445, 190
571, 157, 609, 155, 610, 189, 574, 192
715, 158, 737, 158, 737, 186, 715, 186
767, 159, 785, 159, 785, 184, 767, 184
119, 161, 143, 161, 143, 188, 119, 188
194, 159, 215, 159, 215, 186, 194, 186
343, 159, 365, 159, 365, 188, 343, 188
990, 160, 1010, 160, 1010, 188, 990, 188
1016, 160, 1036, 160, 1036, 187, 1016, 187
223, 160, 262, 160, 262, 188, 223, 188
377, 160, 405, 160, 405, 189, 377, 189
616, 160, 636, 159, 638, 184, 617, 186
867, 161, 886, 161, 886, 186, 867, 186
914, 188, 914, 161, 936, 161, 936, 188
68, 161, 90, 161, 90, 188, 68, 188
94, 187, 94, 163, 116, 163, 116, 187
142, 188, 144, 159, 166, 161, 163, 188
167, 163, 191, 163, 191, 188, 167, 188
268, 157, 288, 157, 288, 190, 268, 190
294, 160, 316, 160, 316, 188, 294, 188
940, 162, 961, 162, 961, 189, 940, 189
419, 161, 441, 161, 441, 188, 419, 188
664, 192, 686, 192, 686, 224, 664, 224
480, 192, 504, 192, 504, 223, 480, 223
686, 191, 710, 191, 710, 220, 686, 220
741, 193, 760, 193, 760, 222, 741, 222
380, 194, 403, 194, 403, 225, 380, 225
790, 194, 810, 194, 810, 220, 790, 220
839, 220, 841, 192, 865, 193, 863, 222
914, 195, 933, 195, 933, 219, 914, 219
941, 193, 961, 193, 961, 220, 941, 220
170, 194, 188, 193, 189, 223, 172, 225
865, 194, 884, 194, 884, 220, 865, 220
891, 195, 908, 195, 908, 221, 891, 221
616, 223, 618, 191, 639, 193, 638, 224
716, 193, 737, 193, 737, 219, 716, 219
442, 196, 463, 196, 463, 222, 442, 222
965, 194, 986, 193, 988, 221, 967, 222
990, 195, 1010, 195, 1010, 223, 990, 223
94, 196, 115, 195, 117, 223, 95, 224
418, 196, 441, 196, 441, 223, 418, 223
31, 195, 57, 195, 57, 222, 31, 222
119, 198, 141, 198, 141, 224, 119, 224
145, 195, 165, 195, 167, 224, 147, 224
194, 226, 195, 194, 221, 195, 220, 227
265, 198, 289, 195, 290, 223, 268, 222
292, 198, 314, 198, 314, 224, 292, 224
318, 221, 319, 194, 340, 195, 339, 222
344, 196, 364, 196, 364, 224, 344, 224
1014, 222, 1018, 194, 1037, 197, 1033, 225
227, 194, 255, 194, 251, 223, 227, 223
741, 226, 762, 226, 762, 255, 741, 255
690, 230, 712, 229, 714, 256, 691, 257
716, 225, 737, 225, 737, 257, 716, 257
765, 227, 788, 225, 790, 255, 767, 257
788, 229, 810, 229, 810, 257, 788, 257
914, 230, 935, 230, 935, 256, 914, 256
941, 230, 960, 230, 960, 255, 941, 255
964, 230, 985, 230, 985, 256, 964, 256
32, 228, 57, 228, 57, 258, 32, 258
316, 226, 340, 226, 340, 256, 316, 256
343, 257, 345, 227, 367, 229, 366, 258
443, 231, 463, 231, 463, 258, 443, 258
666, 231, 687, 231, 687, 255, 666, 255
841, 230, 862, 230, 862, 257, 841, 257
866, 231, 884, 231, 884, 255, 866, 255
890, 230, 909, 229, 910, 254, 892, 255
120, 232, 140, 232, 140, 259, 120, 259
231, 230, 253, 228, 256, 258, 234, 260
269, 230, 290, 230, 290, 259, 269, 259
294, 230, 316, 230, 316, 255, 294, 255
477, 231, 504, 231, 504, 258, 477, 258
642, 231, 662, 231, 662, 257, 642, 257
817, 230, 835, 230, 835, 256, 817, 256
990, 230, 1011, 230, 1011, 255, 990, 255
1016, 232, 1037, 232, 1037, 256, 1016, 256
70, 233, 90, 233, 90, 257, 70, 257
95, 232, 115, 232, 115, 258, 95, 258
170, 232, 190, 232, 190, 259, 170, 259
379, 230, 402, 230, 402, 256, 379, 256
195, 233, 216, 233, 216, 259, 195, 259
417, 258, 419, 230, 441, 232, 439, 260
617, 232, 637, 232, 637, 254, 617, 254
29, 299, 31, 266, 61, 263, 56, 295
527, 261, 553, 261, 555, 284, 528, 284
70, 265, 91, 265, 91, 293, 70, 293
379, 264, 404, 264, 404, 295, 379, 295
643, 265, 664, 265, 662, 295, 642, 293
668, 264, 687, 264, 687, 295, 670, 292
715, 266, 735, 265, 736, 285, 717, 287
762, 265, 786, 265, 786, 290, 762, 290
790, 266, 809, 265, 811, 287, 791, 288
841, 266, 859, 266, 859, 290, 841, 290
892, 266, 912, 266, 912, 292, 892, 292
916, 264, 936, 264, 936, 293, 916, 293
1016, 263, 1039, 263, 1041, 296, 1016, 295
294, 267, 317, 267, 317, 293, 294, 293
618, 264, 638, 264, 637, 294, 618, 295
941, 265, 961, 265, 961, 293, 941, 293
95, 270, 114, 269, 116, 294, 96, 295
478, 265, 503, 265, 503, 296, 478, 296
573, 263, 605, 263, 605, 291, 573, 291
692, 266, 713, 266, 712, 296, 690, 294
741, 266, 765, 266, 765, 291, 741, 291
120, 267, 140, 267, 139, 291, 120, 295
232, 266, 256, 266, 256, 294, 232, 294
195, 267, 214, 266, 216, 296, 197, 294
269, 267, 289, 267, 289, 293, 269, 291
320, 266, 343, 265, 344, 294, 322, 295
345, 267, 370, 267, 370, 295, 345, 295
169, 267, 188, 267, 188, 296, 169, 299
420, 267, 440, 267, 440, 293, 420, 293
446, 330, 448, 302, 466, 301, 462, 332
93, 301, 120, 301, 120, 327, 93, 327
342, 301, 364, 301, 364, 327, 342, 327
573, 301, 604, 297, 607, 326, 577, 330
644, 301, 663, 301, 663, 325, 644, 325
717, 302, 737, 302, 737, 327, 716, 328
841, 301, 865, 301, 865, 326, 841, 326
967, 297, 990, 297, 990, 325, 967, 325
1016, 299, 1036, 299, 1036, 327, 1016, 328
196, 302, 217, 302, 217, 328, 196, 328
319, 300, 344, 300, 344, 328, 319, 328
420, 299, 440, 299, 440, 327, 420, 327
869, 301, 889, 303, 888, 329, 868, 329
942, 300, 961, 300, 961, 325, 942, 325
120, 302, 141, 302, 141, 327, 120, 327
269, 301, 291, 301, 291, 328, 269, 328
296, 298, 316, 298, 316, 329, 296, 329
479, 299, 506, 299, 506, 331, 482, 334
617, 302, 638, 302, 638, 327, 617, 327
70, 301, 94, 301, 94, 327, 70, 327
169, 304, 191, 302, 192, 323, 170, 325
667, 302, 687, 302, 687, 326, 667, 326
527, 310, 552, 310, 552, 334, 527, 334
842, 365, 842, 335, 862, 333, 864, 363
382, 330, 404, 330, 404, 365, 382, 365
791, 335, 813, 335, 814, 363, 790, 364
818, 334, 838, 334, 838, 365, 818, 365
865, 335, 890, 335, 890, 362, 865, 362
667, 338, 688, 335, 688, 360, 669, 365
768, 335, 790, 335, 790, 363, 768, 363
966, 335, 988, 335, 988, 362, 966, 362
475, 337, 511, 337, 511, 365, 475, 365
689, 361, 691, 335, 718, 337, 716, 363
34, 336, 58, 336, 58, 365, 34, 365
293, 336, 317, 336, 317, 365, 293, 365
573, 335, 609, 335, 609, 365, 573, 365
616, 336, 637, 336, 637, 362, 616, 362
715, 335, 738, 335, 738, 362, 715, 362
936, 335, 961, 335, 961, 361, 936, 361
119, 336, 141, 336, 141, 362, 119, 362
193, 336, 217, 336, 217, 363, 193, 363
640, 334, 665, 334, 665, 362, 640, 362
737, 334, 765, 334, 765, 363, 737, 363
893, 336, 912, 336, 911, 363, 892, 362
915, 335, 938, 335, 938, 362, 915, 362
990, 361, 992, 336, 1011, 338, 1009, 362
1015, 335, 1037, 335, 1037, 362, 1015, 362
232, 335, 256, 335, 256, 364, 232, 364
419, 336, 440, 336, 440, 364, 419, 364
445, 337, 466, 337, 466, 364, 445, 364
168, 361, 171, 335, 195, 337, 193, 363
270, 363, 270, 338, 293, 338, 293, 363
70, 338, 92, 338, 92, 364, 70, 364
97, 338, 116, 338, 116, 362, 97, 362
530, 363, 552, 363, 552, 385, 530, 385
917, 369, 937, 370, 938, 402, 917, 400
867, 370, 885, 370, 885, 394, 867, 394
491, 369, 515, 369, 515, 397, 491, 397
194, 371, 216, 371, 216, 398, 194, 398
271, 370, 292, 370, 292, 395, 271, 395
420, 372, 440, 372, 441, 399, 418, 403
444, 373, 465, 373, 466, 401, 444, 400
471, 370, 492, 370, 492, 397, 471, 397
718, 372, 739, 372, 739, 398, 718, 398
745, 371, 763, 371, 762, 401, 745, 400
765, 371, 786, 371, 785, 399, 765, 395
817, 369, 839, 369, 837, 399, 819, 398
966, 371, 987, 371, 987, 398, 966, 398
31, 370, 60, 370, 60, 400, 31, 400
120, 372, 142, 372, 142, 397, 120, 397
173, 373, 190, 373, 190, 398, 173, 398
618, 369, 639, 369, 639, 395, 618, 395
638, 371, 664, 371, 664, 397, 638, 397
670, 372, 689, 372, 689, 395, 670, 395
693, 371, 712, 371, 713, 398, 694, 401
793, 371, 816, 371, 816, 398, 793, 396
841, 371, 863, 371, 862, 400, 843, 401
992, 372, 1013, 372, 1013, 394, 992, 394
1015, 370, 1039, 370, 1039, 399, 1015, 399
71, 371, 90, 371, 90, 396, 71, 396
98, 372, 117, 372, 117, 399, 98, 399
694, 406, 713, 406, 712, 435, 693, 434
195, 407, 217, 407, 215, 434, 197, 436
643, 406, 662, 406, 664, 436, 642, 437
667, 406, 687, 406, 686, 435, 665, 434
836, 406, 863, 405, 864, 432, 839, 434
889, 407, 914, 407, 914, 431, 889, 431
31, 438, 33, 410, 56, 404, 56, 439
72, 407, 92, 407, 96, 435, 72, 437
616, 406, 638, 406, 638, 438, 615, 435
792, 407, 811, 407, 814, 436, 794, 434
816, 407, 837, 407, 836, 434, 817, 434
917, 407, 937, 407, 937, 431, 917, 431
943, 407, 962, 407, 962, 433, 943, 433
967, 407, 988, 407, 988, 434, 968, 436
1017, 409, 1037, 409, 1037, 432, 1017, 432
122, 410, 140, 410, 140, 436, 122, 429
472, 409, 492, 409, 493, 434, 471, 437
494, 408, 515, 408, 516, 436, 495, 437
97, 412, 118, 410, 120, 436, 99, 437
1016, 442, 1036, 440, 1039, 466, 1019, 469
943, 446, 961, 446, 961, 471, 943, 471
79, 440, 109, 440, 109, 473, 79, 473
146, 443, 166, 443, 166, 469, 146, 469
446, 442, 466, 442, 465, 472, 446, 472
471, 444, 491, 444, 491, 472, 471, 472
643, 444, 664, 444, 664, 469, 643, 469
917, 443, 937, 443, 937, 470, 917, 470
197, 442, 220, 440, 220, 472, 199, 471
272, 444, 294, 443, 295, 471, 272, 473
299, 443, 318, 443, 317, 471, 299, 470
323, 444, 344, 444, 344, 470, 323, 470
491, 442, 513, 442, 513, 469, 491, 469
542, 442, 564, 442, 564, 466, 542, 466
669, 443, 690, 443, 690, 471, 669, 470
694, 443, 713, 443, 713, 470, 695, 473
380, 442, 408, 442, 408, 473, 380, 473
420, 442, 442, 442, 441, 472, 420, 472
577, 443, 606, 442, 608, 471, 578, 473
172, 445, 195, 445, 195, 472, 172, 472
617, 444, 638, 444, 638, 470, 617, 470
572, 470, 606, 468, 608, 506, 574, 508
79, 512, 81, 476, 112, 477, 110, 512
793, 477, 813, 475, 813, 504, 794, 504
843, 472, 865, 472, 865, 501, 843, 501
1040, 473, 1065, 473, 1065, 503, 1040, 503
618, 476, 638, 476, 638, 503, 618, 503
819, 478, 839, 478, 839, 502, 819, 502
863, 472, 887, 472, 887, 503, 863, 503
894, 476, 913, 476, 913, 507, 894, 507
942, 475, 963, 475, 963, 503, 942, 503
967, 477, 987, 477, 987, 503, 967, 503
491, 475, 512, 475, 512, 503, 491, 503
1015, 478, 1036, 476, 1037, 504, 1017, 505
147, 477, 166, 477, 166, 505, 147, 505
197, 478, 218, 478, 218, 505, 197, 505
445, 480, 465, 480, 465, 506, 445, 506
471, 477, 493, 477, 493, 502, 471, 502
718, 478, 739, 478, 739, 505, 718, 508
916, 478, 935, 476, 937, 504, 918, 506
993, 479, 1012, 479, 1012, 504, 993, 504
32, 474, 61, 474, 61, 504, 32, 504
294, 480, 315, 478, 317, 499, 296, 501
377, 477, 412, 477, 412, 510, 377, 510
420, 480, 442, 480, 442, 507, 420, 507
121, 478, 143, 478, 143, 506, 121, 506
171, 477, 192, 477, 192, 504, 171, 504
272, 478, 291, 478, 291, 503, 272, 503
917, 509, 937, 509, 937, 540, 917, 540
667, 511, 687, 511, 687, 536, 667, 536
943, 510, 962, 510, 962, 538, 943, 538
644, 510, 665, 511, 662, 540, 642, 540
792, 512, 813, 511, 814, 536, 794, 537
892, 513, 912, 513, 912, 542, 892, 542
196, 513, 216, 512, 218, 532, 197, 534
420, 515, 440, 515, 440, 539, 420, 539
718, 513, 738, 513, 738, 536, 718, 536
741, 512, 763, 512, 763, 536, 741, 536
769, 512, 789, 512, 789, 536, 769, 536
817, 512, 841, 512, 841, 537, 817, 537
843, 516, 865, 510, 864, 538, 841, 538
866, 539, 870, 512, 892, 515, 888, 542
147, 513, 167, 513, 167, 538, 147, 538
617, 513, 638, 513, 638, 539, 617, 539
1017, 514, 1038, 514, 1038, 540, 1017, 540
172, 514, 192, 514, 192, 539, 172, 539
231, 544, 233, 511, 259, 513, 257, 546
272, 515, 292, 515, 292, 540, 272, 540
372, 513, 393, 512, 396, 542, 372, 541
445, 515, 466, 514, 465, 540, 445, 540
471, 539, 473, 512, 491, 513, 490, 540
79, 549, 111, 547, 111, 578, 80, 578
818, 546, 837, 546, 838, 578, 818, 576
918, 577, 917, 545, 938, 547, 937, 578
668, 546, 687, 546, 688, 575, 669, 577
766, 546, 787, 545, 788, 576, 767, 575
942, 546, 961, 546, 962, 576, 942, 575
147, 547, 168, 547, 168, 573, 147, 573
643, 547, 664, 547, 664, 574, 645, 576
694, 548, 713, 548, 714, 577, 694, 576
719, 547, 738, 547, 739, 580, 719, 581
743, 547, 765, 546, 765, 577, 742, 576
790, 545, 812, 545, 813, 577, 790, 573
1017, 551, 1035, 551, 1035, 575, 1017, 575
122, 544, 144, 544, 144, 575, 122, 575
172, 547, 191, 547, 191, 574, 172, 574
231, 550, 257, 549, 259, 577, 233, 579
444, 548, 465, 548, 466, 579, 444, 579
196, 549, 216, 549, 216, 579, 196, 579
320, 550, 341, 550, 341, 575, 320, 575
371, 550, 390, 550, 390, 575, 371, 575
576, 580, 605, 577, 609, 613, 577, 611
232, 580, 258, 580, 258, 615, 230, 615
1018, 581, 1037, 581, 1037, 611, 1018, 611
79, 582, 111, 582, 111, 614, 79, 614
196, 582, 218, 582, 218, 611, 196, 611
818, 581, 837, 585, 838, 610, 817, 610
144, 582, 166, 582, 166, 611, 144, 611
942, 586, 960, 586, 960, 611, 942, 611
991, 583, 1010, 583, 1010, 610, 991, 610
27, 584, 64, 584, 64, 613, 27, 613
398, 586, 415, 586, 415, 610, 398, 610
444, 583, 466, 583, 466, 613, 444, 613
494, 586, 515, 586, 515, 610, 494, 610
744, 583, 762, 583, 762, 608, 744, 608
173, 584, 191, 584, 191, 611, 173, 611
420, 585, 440, 585, 440, 612, 420, 612
768, 583, 789, 583, 789, 607, 768, 607
841, 584, 862, 584, 862, 609, 841, 609
966, 586, 985, 584, 988, 609, 969, 611
123, 582, 146, 582, 146, 611, 123, 611
272, 585, 290, 585, 294, 614, 274, 613
296, 586, 316, 586, 316, 613, 297, 612
321, 587, 341, 587, 343, 613, 321, 613
668, 611, 688, 611, 688, 638, 668, 638
617, 616, 636, 616, 636, 644, 617, 644
693, 614, 715, 614, 715, 640, 693, 640
718, 614, 736, 613, 739, 644, 718, 642
769, 615, 789, 615, 789, 646, 769, 646
815, 616, 837, 616, 837, 637, 815, 637
793, 617, 812, 617, 812, 644, 793, 644
841, 616, 862, 616, 862, 641, 841, 641
47, 617, 69, 615, 69, 646, 47, 648
170, 619, 194, 619, 194, 649, 170, 649
393, 618, 417, 618, 417, 648, 393, 648
470, 620, 494, 620, 494, 647, 470, 647
892, 617, 914, 617, 914, 643, 892, 643
916, 618, 935, 618, 935, 639, 916, 639
961, 620, 982, 616, 988, 645, 967, 646
990, 617, 1012, 617, 1014, 647, 991, 648
77, 619, 110, 619, 109, 650, 79, 650
868, 617, 886, 617, 886, 639, 868, 639
1012, 618, 1037, 618, 1037, 645, 1012, 645
148, 617, 166, 614, 167, 647, 146, 647
197, 617, 218, 617, 218, 647, 198, 649
426, 618, 458, 618, 458, 651, 426, 651
229, 623, 258, 622, 265, 648, 227, 649
320, 619, 342, 619, 343, 648, 321, 650
425, 653, 460, 654, 458, 685, 425, 685
694, 652, 714, 652, 713, 683, 695, 679
718, 652, 739, 652, 739, 675, 718, 675
767, 653, 788, 653, 787, 683, 767, 678
818, 653, 837, 653, 837, 679, 819, 681
942, 652, 961, 652, 961, 682, 942, 682
665, 653, 689, 653, 689, 680, 665, 680
742, 654, 762, 652, 764, 679, 743, 680
868, 653, 886, 653, 886, 674, 868, 674
891, 651, 913, 651, 913, 677, 891, 677
78, 653, 109, 651, 111, 683, 79, 685
121, 653, 143, 653, 143, 680, 121, 680
146, 654, 167, 654, 167, 681, 146, 681
639, 653, 663, 651, 664, 675, 640, 676
844, 653, 863, 653, 863, 676, 844, 676
916, 652, 936, 650, 939, 678, 918, 680
991, 652, 1011, 652, 1011, 677, 991, 677
47, 654, 69, 654, 69, 683, 48, 682
964, 654, 988, 654, 988, 680, 964, 680
171, 655, 193, 655, 193, 676, 171, 676
197, 655, 216, 655, 216, 679, 197, 679
618, 653, 641, 653, 641, 680, 618, 680
24, 656, 41, 653, 43, 684, 23, 686
717, 687, 739, 687, 738, 720, 719, 718
641, 687, 663, 687, 664, 715, 642, 717
693, 688, 713, 688, 712, 716, 693, 717
917, 687, 935, 686, 938, 717, 919, 719
769, 688, 788, 688, 788, 715, 769, 715
843, 687, 865, 687, 865, 714, 843, 714
942, 688, 959, 688, 962, 721, 943, 718
77, 690, 114, 689, 115, 720, 79, 722
123, 688, 143, 688, 143, 716, 123, 716
147, 689, 167, 689, 167, 710, 147, 710
175, 689, 193, 689, 193, 719, 175, 719
426, 687, 460, 687, 460, 720, 426, 720
471, 687, 494, 687, 494, 717, 471, 717
497, 685, 516, 684, 521, 718, 495, 717
743, 687, 764, 687, 763, 717, 744, 718
817, 689, 837, 689, 839, 716, 818, 715
863, 687, 887, 687, 887, 714, 863, 714
968, 689, 988, 689, 989, 718, 968, 719
222, 690, 242, 690, 242, 713, 222, 713
668, 723, 688, 723, 688, 756, 669, 755
744, 719, 766, 719, 767, 755, 745, 755
148, 756, 148, 723, 167, 723, 167, 757
345, 724, 369, 724, 368, 757, 346, 760
395, 730, 417, 730, 417, 757, 395, 757
616, 726, 638, 724, 639, 755, 618, 756
122, 725, 143, 725, 143, 752, 122, 752
643, 725, 664, 724, 665, 754, 643, 754
692, 724, 712, 724, 712, 754, 691, 757
715, 727, 737, 727, 742, 756, 720, 758
48, 725, 69, 725, 69, 754, 48, 754
199, 726, 215, 726, 220, 756, 201, 757
432, 757, 432, 725, 454, 725, 457, 757
793, 726, 812, 726, 813, 754, 792, 755
968, 725, 988, 725, 986, 754, 967, 754
992, 754, 992, 726, 1012, 726, 1011, 753
22, 726, 48, 726, 48, 755, 22, 755
173, 726, 193, 726, 194, 757, 173, 754
1039, 16, 1039, 45, 1060, 45, 1060, 16
1041, 52, 1041, 83, 1061, 83, 1061, 52
1041, 86, 1041, 117, 1060, 117, 1060, 86
989, 14, 989, 45, 1010, 45, 1010, 14
937, 16, 937, 48, 962, 48, 962, 16
888, 15, 888, 45, 912, 45, 912, 15
1036, 125, 1036, 152, 1060, 152, 1060, 125
1041, 158, 1041, 185, 1059, 185, 1059, 158
1042, 231, 1042, 259, 1063, 259, 1063, 231
967, 267, 967, 293, 986, 293, 986, 267
867, 263, 867, 293, 888, 293, 888, 263
991, 264, 991, 294, 1012, 294, 1012, 264
1042, 269, 1042, 296, 1063, 296, 1063, 269
1041, 301, 1041, 330, 1064, 330, 1064, 301
914, 300, 914, 327, 939, 327, 939, 300
893, 301, 893, 329, 914, 329, 914, 301
991, 306, 991, 324, 1013, 324, 1013, 306
1041, 336, 1041, 364, 1061, 364, 1061, 336
1041, 370, 1041, 399, 1061, 399, 1061, 370
891, 374, 891, 400, 913, 400, 913, 374
867, 409, 867, 435, 890, 435, 890, 409
990, 409, 990, 432, 1012, 432, 1012, 409
1041, 408, 1041, 432, 1065, 432, 1065, 408
942, 372, 942, 398, 962, 398, 962, 372
967, 445, 967, 470, 988, 470, 988, 445
991, 442, 991, 470, 1012, 470, 1012, 442
1040, 443, 1040, 468, 1063, 468, 1063, 443
890, 442, 890, 470, 914, 470, 914, 442
866, 444, 866, 470, 886, 470, 886, 444
968, 512, 968, 540, 987, 540, 987, 512
991, 515, 991, 540, 1015, 540, 1015, 515
1043, 513, 1043, 541, 1063, 541, 1063, 513
1040, 549, 1040, 575, 1067, 575, 1067, 549
992, 548, 992, 574, 1012, 574, 1012, 548
967, 549, 967, 576, 987, 576, 987, 549
893, 550, 893, 577, 913, 577, 913, 550
867, 550, 867, 579, 888, 579, 888, 550
866, 583, 866, 613, 888, 613, 888, 583
891, 583, 891, 610, 913, 610, 913, 583
916, 583, 916, 611, 937, 611, 937, 583
940, 621, 940, 646, 963, 646, 963, 621
1039, 583, 1039, 611, 1062, 611, 1062, 583
1041, 618, 1041, 648, 1063, 648, 1063, 618
1041, 655, 1041, 685, 1062, 685, 1062, 655
1016, 655, 1016, 684, 1037, 684, 1037, 655
991, 690, 991, 719, 1012, 719, 1012, 690
1016, 692, 1016, 718, 1035, 718, 1035, 692
1038, 690, 1038, 719, 1061, 719, 1061, 690
891, 690, 891, 715, 915, 715, 915, 690
1018, 728, 1018, 755, 1037, 755, 1037, 728
1040, 728, 1040, 757, 1062, 757, 1062, 728
941, 728, 941, 755, 963, 755, 963, 728
916, 727, 916, 756, 939, 756, 939, 727
889, 729, 889, 755, 914, 755, 914, 729
867, 726, 867, 755, 890, 755, 890, 726
840, 728, 840, 757, 863, 757, 863, 728
818, 728, 818, 754, 838, 754, 838, 728
794, 691, 794, 718, 816, 718, 816, 691
769, 726, 769, 758, 787, 758, 787, 726
791, 656, 791, 683, 815, 683, 815, 656
667, 690, 667, 719, 688, 719, 688, 690
669, 582, 669, 609, 689, 609, 689, 582
692, 580, 692, 611, 715, 611, 715, 580
718, 584, 718, 611, 740, 611, 740, 584
792, 584, 792, 610, 815, 610, 815, 584
845, 548, 845, 577, 864, 577, 864, 548
768, 479, 768, 504, 789, 504, 789, 479
743, 478, 743, 506, 765, 506, 765, 478
694, 480, 694, 503, 713, 503, 713, 480
669, 485, 669, 495, 690, 495, 690, 485
841, 444, 841, 472, 863, 472, 863, 444
816, 442, 816, 470, 838, 470, 838, 442
792, 442, 792, 470, 814, 470, 814, 442
769, 441, 769, 472, 790, 472, 790, 441
746, 444, 746, 473, 764, 473, 764, 444
719, 444, 719, 469, 738, 469, 738, 444
717, 407, 717, 437, 742, 437, 742, 407
743, 408, 743, 436, 764, 436, 764, 408
766, 408, 766, 434, 786, 434, 786, 408
819, 299, 819, 326, 836, 326, 836, 299
792, 301, 792, 327, 814, 327, 814, 301
768, 303, 768, 329, 788, 329, 788, 303
742, 303, 742, 328, 764, 328, 764, 303
693, 303, 693, 327, 714, 327, 714, 303
818, 267, 818, 294, 836, 294, 836, 267
818, 195, 818, 225, 836, 225, 836, 195
768, 197, 768, 222, 788, 222, 788, 197
767, 125, 767, 154, 787, 154, 787, 125
691, 123, 691, 151, 711, 151, 711, 123
763, 17, 763, 45, 785, 45, 785, 17
740, 16, 740, 44, 761, 44, 761, 16
716, 15, 716, 44, 736, 44, 736, 15
691, 15, 691, 44, 712, 44, 712, 15
666, 16, 666, 41, 685, 41, 685, 16
640, 13, 640, 41, 661, 41, 661, 13
614, 14, 614, 43, 636, 43, 636, 14
587, 16, 587, 47, 615, 47, 615, 16
567, 17, 567, 43, 588, 43, 588, 17
540, 15, 540, 37, 561, 37, 561, 15
518, 12, 518, 37, 535, 37, 535, 12
518, 39, 518, 63, 538, 63, 538, 39
542, 39, 542, 64, 562, 64, 562, 39
541, 67, 541, 90, 563, 90, 563, 67
515, 68, 515, 89, 535, 89, 535, 68
543, 145, 543, 168, 559, 168, 559, 145
571, 123, 571, 155, 609, 155, 609, 123
572, 232, 572, 260, 609, 260, 609, 232
529, 288, 529, 310, 552, 310, 552, 288
529, 340, 529, 360, 552, 360, 552, 340
529, 388, 529, 414, 552, 414, 552, 388
573, 370, 573, 404, 607, 404, 607, 370
575, 407, 575, 434, 607, 434, 607, 407
540, 417, 540, 437, 565, 437, 565, 417
542, 469, 542, 490, 568, 490, 568, 469
574, 511, 574, 544, 608, 544, 608, 511
575, 544, 575, 575, 608, 575, 608, 544
693, 512, 693, 541, 715, 541, 715, 512
618, 690, 618, 718, 639, 718, 639, 690
576, 721, 576, 754, 607, 754, 607, 721
577, 689, 577, 722, 607, 722, 607, 689
577, 654, 577, 683, 607, 683, 607, 654
576, 617, 576, 651, 608, 651, 608, 617
618, 547, 618, 575, 638, 575, 638, 547
616, 582, 616, 611, 640, 611, 640, 582
642, 582, 642, 611, 665, 611, 665, 582
642, 619, 642, 645, 666, 645, 666, 619
642, 195, 642, 221, 663, 221, 663, 195
471, 726, 471, 753, 491, 753, 491, 726
494, 724, 494, 756, 518, 756, 518, 724
496, 655, 496, 682, 516, 682, 516, 655
473, 655, 473, 680, 492, 680, 492, 655
496, 619, 496, 648, 514, 648, 514, 619
469, 587, 469, 612, 492, 612, 492, 587
496, 514, 496, 544, 516, 544, 516, 514
497, 547, 497, 580, 518, 580, 518, 547
472, 548, 472, 578, 491, 578, 491, 548
445, 268, 445, 293, 468, 293, 468, 268
380, 302, 380, 331, 404, 331, 404, 302
382, 373, 382, 400, 405, 400, 405, 373
380, 405, 380, 436, 407, 436, 407, 405
423, 409, 423, 436, 441, 436, 441, 409
445, 409, 445, 434, 465, 434, 465, 409
422, 550, 422, 575, 441, 575, 441, 550
395, 550, 395, 576, 419, 576, 419, 550
372, 586, 372, 613, 391, 613, 391, 586
373, 619, 373, 647, 391, 647, 391, 619
397, 657, 397, 683, 415, 683, 415, 657
373, 657, 373, 683, 392, 683, 392, 657
372, 692, 372, 717, 392, 717, 392, 692
395, 691, 395, 716, 419, 716, 419, 691
345, 687, 345, 717, 370, 717, 370, 687
343, 655, 343, 685, 366, 685, 366, 655
347, 621, 347, 647, 367, 647, 367, 621
346, 586, 346, 613, 365, 613, 365, 586
347, 552, 347, 580, 367, 580, 367, 552
345, 515, 345, 543, 369, 543, 369, 515
346, 482, 346, 512, 370, 512, 370, 482
345, 445, 345, 475, 368, 475, 368, 445
344, 409, 344, 436, 368, 436, 368, 409
343, 373, 343, 401, 368, 401, 368, 373
346, 337, 346, 365, 366, 365, 366, 337
224, 89, 224, 122, 260, 122, 260, 89
226, 124, 226, 155, 259, 155, 259, 124
269, 91, 269, 120, 288, 120, 288, 91
266, 125, 266, 153, 287, 153, 287, 125
192, 125, 192, 154, 215, 154, 215, 125
170, 127, 170, 153, 190, 153, 190, 127
118, 91, 118, 119, 140, 119, 140, 91
144, 231, 144, 261, 167, 261, 167, 231
144, 267, 144, 296, 167, 296, 167, 267
146, 302, 146, 332, 167, 332, 167, 302
147, 336, 147, 368, 167, 368, 167, 336
148, 373, 148, 403, 168, 403, 168, 373
231, 372, 231, 401, 255, 401, 255, 372
298, 377, 298, 391, 317, 391, 317, 377
319, 338, 319, 366, 340, 366, 340, 338
319, 372, 319, 400, 341, 400, 341, 372
320, 410, 320, 436, 342, 436, 342, 410
298, 410, 298, 435, 317, 435, 317, 410
270, 409, 270, 434, 293, 434, 293, 409
233, 409, 233, 437, 260, 437, 260, 409
171, 411, 171, 436, 191, 436, 191, 411
144, 407, 144, 438, 167, 438, 167, 407
121, 444, 121, 473, 144, 473, 144, 444
235, 445, 235, 475, 257, 475, 257, 445
232, 482, 232, 509, 259, 509, 259, 482
323, 481, 323, 508, 343, 508, 343, 481
298, 514, 298, 544, 316, 544, 316, 514
320, 516, 320, 544, 342, 544, 342, 516
124, 516, 124, 540, 143, 540, 143, 516
272, 553, 272, 580, 293, 580, 293, 553
296, 552, 296, 580, 318, 580, 318, 552
220, 659, 220, 686, 243, 686, 243, 659
198, 689, 198, 719, 217, 719, 217, 689
246, 657, 246, 688, 269, 688, 269, 657
282, 655, 282, 687, 309, 687, 309, 655
319, 655, 319, 686, 342, 686, 342, 655
319, 690, 319, 717, 344, 717, 344, 690
278, 692, 278, 722, 310, 722, 310, 692
246, 693, 246, 719, 268, 719, 268, 693
222, 727, 222, 755, 246, 755, 246, 727
247, 727, 247, 760, 270, 760, 270, 727
279, 726, 279, 765, 311, 765, 311, 726
318, 730, 318, 756, 341, 756, 341, 730
144, 16, 144, 45, 163, 45, 163, 16
119, 14, 119, 48, 142, 48, 142, 14
27, 17, 27, 49, 60, 49, 60, 17
67, 15, 67, 46, 91, 46, 91, 15
92, 17, 92, 48, 113, 48, 113, 17
70, 198, 70, 223, 92, 223, 92, 198
30, 301, 30, 331, 57, 331, 57, 301
21, 515, 21, 544, 43, 544, 43, 515
45, 513, 45, 542, 71, 542, 71, 513
22, 549, 22, 579, 45, 579, 45, 549
48, 549, 48, 579, 70, 579, 70, 549
47, 692, 47, 721, 73, 721, 73, 692
21, 692, 21, 722, 47, 722, 47, 692
84, 726, 84, 760, 115, 760, 115, 726
292, 126, 292, 152, 315, 152, 315, 126
31, 446, 31, 474, 58, 474, 58, 446
80, 515, 80, 544, 110, 544, 110, 515
20, 620, 20, 647, 46, 647, 46, 620
120, 617, 120, 648, 142, 648, 142, 617
373, 725, 373, 753, 392, 753, 392, 725
524, 606, 524, 632, 560, 632, 560, 606
644, 477, 644, 506, 666, 506, 666, 477
397, 514, 397, 539, 417, 539, 417, 514
573, 193, 573, 227, 607, 227, 607, 193
743, 616, 743, 645, 764, 645, 764, 616
1040, 194, 1040, 224, 1063, 224, 1063, 194
